0.61370628400784210665 0.01368639055469236289 0.37260732543746555301 
0.88228171070101124585 0.07005929216612789834 0.04765899713286084888 
0.87015184548226121031 0.05682599467362681178 0.07302215984411183913 
0.62514881513558129278 0.00017485195432443755 0.37467633291009427854 
0.82925466562783423097 0.03275671700548116877 0.13798861736668471822 
0.81894660325342416574 0.04752919936498587600 0.13352419738158996521 
0.91973986081129421866 0.07801972564265520493 0.00224041354605043286 
0.93103914105962792824 0.06896085794037198902 0.00000000100000000000 
0.89989896380074196891 0.09681376346751993656 0.00328727273173816305 
0.91330992631241736390 0.08669007268758262275 0.00000000099999999999 
0.91415833827583836690 0.08584166072416148097 0.00000000100000000000 
0.90556937822998995191 0.04355870431596822051 0.05087191745404179982 
0.90077042040609822671 0.09922957859390173219 0.00000000100000000000 
0.90019249689787905755 0.06483687042124738897 0.03497063268087348409 
0.85134899614582415506 0.08721419684382775150 0.06143680701034814895 
0.69104509036334416106 0.03269526599653924115 0.27625964364011651453 
0.76304050451023974766 0.01901470785459288826 0.21794478763516744735 
0.85492467335754029900 0.02738950864232580357 0.11768581800013387662 
0.86056034841759521115 0.07373948877690729431 0.06570016280549742516 
0.84977282189434688586 0.09792833020390738497 0.05229884790174565284 
0.85041829936842450177 0.05356929065736151796 0.09601240997421404966 
0.77555693733830377568 0.06575046985229834884 0.15869259280939781998 
0.87791118183101435335 0.06705608862965663219 0.05503272953932905609 
0.91989118178002848847 0.08008225277260297426 0.00002656544736846536 
0.89673760895633869428 0.10326239004366134788 0.00000000100000000000 
0.88810608614305253106 0.04729181864272676006 0.06460209521422077827 
0.86245203300410988589 0.04772615857432110920 0.08982180842156896328 
0.94147351011476632099 0.02645795666246906694 0.03206853322276472656 
0.87618731660715942766 0.10520226495686707535 0.01861041843597345882 
0.87558215629020097470 0.10583623434229150195 0.01858160936750741232 
0.68639549593263726734 0.05099735192735034561 0.26260715214001234541 
0.72099612351687414336 0.00996755514945357746 0.26903632133367222368 
0.67202243808930006708 0.00664450608748557662 0.32133305582321419758 
0.64416504866940016427 0.00988868321991763846 0.34594626811068229788 
0.77861083202215730648 0.03016165938641238511 0.19122750859143028412 
0.67583200929288445025 0.00567482017564127552 0.31849317053147419010 
0.91583970289962968181 0.08416023822816051658 0.00000005887220983525 
0.69369146286294591786 0.03999027722201232288 0.26631825991504176621 
0.56100218727181272449 0.00000000099999999999 0.43899781172818730379 
0.64702306363576123083 0.00000000099999999999 0.35297693536423879745 
0.70621931731033893431 0.01157650677340927269 0.28220417591625185372 
0.66474243290457490918 0.00486284175090875154 0.33039472534451647112 
0.82435534049170133830 0.01460249794629358590 0.16104216156200495957 
0.67324888535901694642 0.00000000100000000000 0.32675111364098302635 
0.64969870413211461280 0.00000000099999999999 0.35030129486788541548 
0.82495818064481429843 0.05896663008043562942 0.11607518927475016235 
0.78962352128961865727 0.18462432498408126724 0.02575215372630021080 
0.90757800591836423898 0.09242199308163584481 0.00000000099999999999 
0.88937106112546038261 0.06592565583683848707 0.04470328303770111644 
0.87525120044364446148 0.06083331886253062065 0.06391548069382484154 
0.90793741068307687314 0.06130255338774774632 0.03076003592917527993 
0.83033131848813734877 0.03453060177340235015 0.13513807973846042598 
0.80462570540580180545 0.06099370055539492241 0.13438059403880317499 
0.82966316716742227744 0.04523907222238707920 0.12509776061019065030 
0.63292086493211541232 0.00000000099999999999 0.36707913406788456046 
0.57813159172528971741 0.00000000099999999999 0.42186840727471031087 
0.63625710771379073716 0.00000000099999999999 0.36374289128620934664 
0.86963448031902046420 0.05918152641346335896 0.07118399326751610745 
0.62753438477136880280 0.00000000099999999999 0.37246561422863111446 
0.74506809636953386100 0.02607936751115293161 0.22885253611931313800 
0.53579825140310355369 0.00000000099999999999 0.46420174759689641908 
0.73810515001753396191 0.00616944799761374486 0.25572540198485227414 
0.73147794800783627611 0.02547264015105274101 0.24304941184111092389 
0.66735301693969473202 0.02610400333179242055 0.30654297972851290988 
0.70982453943954537667 0.00000000100000000000 0.29017545956045459610 
0.64747008765913593997 0.00000000099999999999 0.35252991134086414382 
0.78581660350084503452 0.00619691342492488181 0.20798648307422998305 
0.74150759136781696501 0.01301201848396602717 0.24548039014821712578 
0.75599837978650397119 0.00470690943303738851 0.23929471078045860821 
0.71045281406360438758 0.00000000100000000000 0.28954718493639558519 
0.81440239836596017842 0.04800293019400277139 0.13759467144003706407 
0.63365180230568995956 0.00030654175459855147 0.36604165593971144110 
0.55278781447205371791 0.00000000099999999999 0.44721218452794631038 
0.65564842981210014194 0.00000000100000000000 0.34435156918789977532 
0.74275961919653543664 0.00872232419671437921 0.24851805660675008181 
0.58807094353444522294 0.00000000099999999999 0.41192905546555480534 
0.64547444703159462254 0.00000000100000000000 0.35452555196840551677 
0.70316556444371813850 0.01410144154945194676 0.28273299400682999627 
0.72103032223284924118 0.00699764772733248858 0.27197203003981829106 
0.78456819311073788814 0.01235601099925535094 0.20307579589000682163 
0.91898091435768491930 0.08101908464231495632 0.00000000099999999999 
0.76106081147694393252 0.05870116697102206738 0.18023802155203400011 
0.76075616542258162056 0.00468531318721291876 0.23455852139020563762 
0.80871795183572547927 0.11034218625137198755 0.08093986191290250543 
0.84827242054107998559 0.11481685367908413264 0.03691072577983585401 
0.79532312314660225105 0.07334098021754482943 0.13133589663585296115 
0.73074894037048276907 0.00000000100000000000 0.26925105862951709268 
0.66080021385667109257 0.00362203674544165190 0.33557774939788720392 
0.81157441496214344223 0.05225181654322202940 0.13617376849463441735 
0.70839033301878173710 0.04041667546483654339 0.25119299151638185830 
0.61040522986691392315 0.00000000100000000000 0.38959476913308599411 
0.79703637423786855010 0.04581404700144018488 0.15714957876069135523 
0.81483088067248132802 0.04333009407652488321 0.14183902525099378877 
0.69672457679969479472 0.00000000099999999999 0.30327542220030528908 
0.64042360118350372122 0.00000000100000000000 0.35957639781649625155 
0.68367658447776502584 0.00849911156107015578 0.30782430396116478022 
0.70912756015073141747 0.01581355743618281795 0.27505888241308568132 
0.65087446290833828044 0.00000000099999999999 0.34912553609166169233 
0.65488078071978539363 0.00000000099999999999 0.34511921828021474568 
0.48819705063616453122 0.00000000099999999999 0.51180294836383544155 
0.57797873298503166239 0.00000000099999999999 0.42202126601496831038 
0.61946723189952956901 0.00000000099999999999 0.38053276710047045928 
0.80045884486133134228 0.02997468549806710583 0.16956646964060156924 
0.74377069929123906800 0.03259469781434446572 0.22363460289441644546 
0.74502771672744627640 0.00666868949135058803 0.24830359378120311908 
0.57468442867919711237 0.00000000100000000000 0.42531557032080280489 
0.79565358683475373436 0.04621352756216032948 0.15813288560308597086 
0.66714595450084290817 0.05895717460945328753 0.27389687088970376960 
0.86268914595202794704 0.03108033251705086958 0.10623052153092120420 
0.75179583228954516283 0.01736537801171809947 0.23083878969873664055 
0.79038884960466748719 0.00000000245164072976 0.20961114794369170578 
0.69246655074164620292 0.00082508286923052511 0.30670836638912324368 
0.67970115909454553726 0.10181589515591209227 0.21848294574954235658 
0.69332883659263644383 0.00705432375484386573 0.29961683965251961759 
0.60419835783117903372 0.00000000099999999999 0.39580164116882088354 
0.70329292054371095322 0.03022428276227024854 0.26648279669401875314 
0.83580767970832547942 0.04718662735241863776 0.11700569293925587588 
0.87411229915776378352 0.08013482644800280774 0.04575287439423340180 
0.74789455614301258990 0.00966489795726051953 0.24244054589972702241 
0.70582793066531812620 0.00011954937984126928 0.29405251995484071870 
0.79817294370768598899 0.03364121713699649158 0.16818583915531759576 
0.78171500398188509262 0.00328848180652868130 0.21499651421158624820 
0.76355016697074529208 0.01369818511346203652 0.22275164791579266099 
0.75910263492361296223 0.01822702569673645412 0.22267033937965055590 
0.70845728414827757735 0.02805372414752229163 0.26348899170420009286 
0.67229624879895544254 0.00000000099999999999 0.32770375020104464125 
0.83254819274665925466 0.16745180625334063484 0.00000000099999999999 
0.90909530048497422250 0.09090469851502569476 0.00000000099999999999 
0.92454610493518718517 0.07545389406481274597 0.00000000100000000000 
0.90642397201594671063 0.09357602698405313724 0.00000000100000000000 
0.84334781835949834683 0.04155751340954574879 0.11509466823095593213 
0.77217541815705847963 0.00293677074665954843 0.22488781109628194765 
0.66986452424032905117 0.00000149434412536264 0.33013398141554567422 
0.79686638412089638717 0.02094828130727926369 0.18218533457182434221 
0.64400504169782535335 0.00000000099999999999 0.35599495730217478595 
0.64084708176583748962 0.01327497333834515292 0.34587794489581741297 
0.63178568226959797016 0.00000000100000000000 0.36821431673040205812 
0.83663086265857034007 0.04243594772828195721 0.12093318961314768190 
0.69211930687768885573 0.00000000099999999999 0.30788069212231122807 
0.75921934477857888623 0.01786486139147553873 0.22291579382994558545 
0.65126438944732478742 0.00000000099999999999 0.34873560955267518535 
0.76916809970942012775 0.00903482465160497343 0.22179707563897482769 
0.56435613243924975801 0.00000000099999999999 0.43564386656075038129 
0.54135971140723238015 0.00000000099999999999 0.45864028759276770364 
0.51126457359610344433 0.00000000099999999999 0.48873542540389647293 
0.68039443359016482660 0.00000000100000000000 0.31960556540983509066 
0.37741873575147649733 0.00000000099999999999 0.62258126324852358646 
0.71092792046542374607 0.00000000100000000000 0.28907207853457628222 
0.76982999576208299697 0.03902067902762710455 0.19114932521029004420 
0.80043582902653609423 0.03952380238622568015 0.16004036858723827419 
0.61359677808425405754 0.00000000100000000000 0.38640322091574597074 
0.69001695574140942124 0.00000000100000000000 0.30998304325859060704 
0.71519903056152855925 0.03556425288215243896 0.24923671655631912669 
0.77808763315360207624 0.03167605635215665905 0.19023631049424113981 
0.81596109513321690709 0.03881739016166936562 0.14522151470511365789 
0.64034750170672938285 0.00000000100000000000 0.35965249729327070094 
0.64456966839807694480 0.00000000099999999999 0.35543033060192313899 
0.64982866690794793829 0.00000000099999999999 0.35017133209205208999 
0.74408990472170899455 0.00098952744143301040 0.25492056783685806964 
0.78232179884556596328 0.02230274303040868239 0.19537545812402534740 
0.80729892334023722889 0.17045492783419610716 0.02224614882556666048 
0.93133121409234753685 0.05758309030184755040 0.01108569560580483643 
0.81215014873362556536 0.18742218529980542163 0.00042766596656894644 
0.79470013944027018127 0.01355188039790795537 0.19174798016182192928 
0.84951280183380151190 0.03478269469792148044 0.11570450346827702848 
0.66468188057991084428 0.00000000099999999999 0.33531811842008918401 
0.72750299598856515981 0.00000000100000000000 0.27249700301143492398 
0.68827317427163980934 0.00000000100000000000 0.31172682472836021894 
0.82126887864098729874 0.00000000100000000000 0.17873112035901284056 
0.72441634907515084496 0.00000000099999999999 0.27558364992484918332 
0.74159511500439090348 0.00000000100000000000 0.25840488399560906929 
0.61935820689087650592 0.00000000099999999999 0.38064179210912357787 
0.68674591477818180962 0.00000000099999999999 0.31325408422181838519 
0.66395487827232124722 0.00000000099999999999 0.33604512072767878106 
0.48213247852837792795 0.00000000099999999999 0.51786752047162198931 
0.68734699470664462062 0.00147199797104134115 0.31118100732231390726 
0.88688193447510521583 0.09503845244215405885 0.01807961308274063164 
0.92451680570979744012 0.07548319329020260204 0.00000000100000000000 
0.92171632447407370048 0.07828367452592628617 0.00000000099999999999 
0.90643641935326579873 0.09356357964673403527 0.00000000100000000000 
0.78867511480190521933 0.00104003084690800916 0.21028485435118682290 
0.92006237458376149974 0.07993762441623855630 0.00000000100000000000 
0.90753815571318996458 0.09246184328680993880 0.00000000100000000000 
0.91406957326142435072 0.07020907947888892220 0.01572134725968678606 
0.72977277000636220361 0.00000000100000000000 0.27022722899363776916 
0.85362661531990491337 0.06914021156408255153 0.07723317311601256285 
0.79116711197433942093 0.02452813078953130013 0.18430475723612921302 
0.68159964631352398801 0.00000000100000000000 0.31840035268647609579 
0.73934741376241308597 0.00000000099999999999 0.26065258523758705334 
0.80198044692034720082 0.03486613176885970666 0.16315342131079302312 
0.79179334645776100476 0.00000018947839738616 0.20820646406384146765 
0.72622597664958377095 0.00000000100000000000 0.27377402235041631284 
0.83110687518984083244 0.05968616876243960229 0.10920695604771959997 
0.92350942677390079893 0.05116113220279215612 0.02532944102330708658 
0.89765410407486578848 0.10234589492513422593 0.00000000099999999999 
0.91702215493445904393 0.06002330090697534370 0.02295454415856551175 
0.87763262639792649633 0.10367140679089653643 0.01869596681117700540 
0.85575338323350991221 0.07120012119834492892 0.07304649556814503397 
0.95209920116866342266 0.04790079783133661256 0.00000000100000000000 
0.90676858205714994110 0.07291592935486075622 0.02031548858798928880 
0.61722175653118083183 0.00000000099999999999 0.38277824246881919645 
0.64371672468944685086 0.00000000100000000000 0.35628327431055323293 
0.83379872029273438550 0.02194259344215624200 0.14425868626510943149 
0.74911480873380598133 0.00000000099999999999 0.25088519026619399144 
0.72146683831964153466 0.01338088698233697200 0.26515227469802143956 
0.83221538519366711206 0.03606950776399537456 0.13171510704233754807 
0.64292249642122722975 0.00000000099999999999 0.35707750257877285405 
0.77960550575820120045 0.02266414842208554908 0.19773034581971321577 
0.67379625994390113242 0.00721223033970277549 0.31899150971639611551 
0.76258341283976494029 0.02971911184054889729 0.20769747531968626997 
0.83118722326938165867 0.01915391892100849758 0.14965885780960988538 
0.68140624817159478610 0.00000000100000000000 0.31859375082840518667 
0.77686400033064340054 0.02017692670129620641 0.20295907296806039999 
0.71055951028214836551 0.00000000100000000000 0.28944048871785177379 
0.59041795434676924703 0.00000000100000000000 0.40958204465323067023 
0.67533122978634751998 0.00000000099999999999 0.32466876921365256381 
0.76238597042571565332 0.01717258902788336775 0.22044144054640085750 
0.83405632940882812321 0.11039605011056231876 0.05554762048060949559 
0.70495039202163312098 0.00000000100000000000 0.29504960697836679628 
0.74675954358791263310 0.00000003668296756924 0.25324041972911986997 
0.81352652980835493679 0.03593437837841356036 0.15053909181323163469 
0.73840136194142302895 0.00646067502879278058 0.25513796302978430930 
0.73337173461017313159 0.03740476363528522780 0.22922350175454175858 
0.70572434251063231869 0.01301525622878276466 0.28126040126058493573 
0.72956880206508289977 0.00000000099999999999 0.27043119693491707300 
0.83364982579122093309 0.02635554427353429749 0.13999462993524466881 
0.80814716425824595358 0.04214805936273337966 0.14970477637902060430 
0.71620715564798698161 0.00985524694108344708 0.27393759741092960081 
0.77890580364431627469 0.00514917782669860324 0.21594501852898517757 
0.90984747244989183645 0.05832417752328106914 0.03182835002682721931 
0.64444613157265917547 0.00000000099999999999 0.35555386742734085281 
0.65323989387785874605 0.00000000100000000000 0.34676010512214122672 
0.69617811662235573600 0.00000000099999999999 0.30382188237764418126 
0.60579918593776371782 0.00000000099999999999 0.39420081306223631046 
0.72740964489044357411 0.00000000099999999999 0.27259035410955645418 
0.69988481306544492178 0.00000000099999999999 0.30011518593455516202 
0.68997379278316828266 0.00000000100000000000 0.31002620621683163460 
0.71016507814763352169 0.00000002499474829282 0.28983489685761804067 
0.65179412534326930384 0.00000000099999999999 0.34820587365673072444 
0.53091529427064843016 0.00000000099999999999 0.46908470472935154261 
0.71851772022130000472 0.00000000100000000000 0.28148227877869996805 
0.74634948750280594165 0.00645604931384760605 0.24719446318334648005 
0.80725162767330493896 0.01780965566937503519 0.17493871665731999809 
0.42050007437834097113 0.00000000099999999999 0.57949992462165900164 
0.69347762337887963735 0.00000000099999999999 0.30652237562112050195 
0.61181482312163748549 0.00000000099999999999 0.38818517587836259830 
0.62955198806447743021 0.00000000099999999999 0.37044801093552254256 
0.64851566004422989131 0.00000000099999999999 0.35148433895577019248 
0.66920681692194361467 0.00000000099999999999 0.33079318207805641361 
0.77050318587055144359 0.00000000099999999999 0.22949681312944864020 
0.65356196300571678393 0.00000000099999999999 0.34643803599428318885 
0.69078729371177971519 0.00000000099999999999 0.30921270528822025758 
0.67596297592035425872 0.00000000100000000000 0.32403702307964565854 
0.69165915309416781120 0.00000000099999999999 0.30834084590583216157 
0.60447255603607874530 0.00000000099999999999 0.39552744296392128298 
0.86498760041655153863 0.05331240532418579647 0.08169999425926284531 
0.86827664740855114989 0.04212379087847861747 0.08959956171297014937 
0.81917369454319088895 0.01105550567037861913 0.16977079978643058733 
0.75577576137433022385 0.00000000100000000000 0.24422423762566974892 
0.81225167197002123842 0.06672906749134738247 0.12101926053863144850 
0.92734513493240855464 0.05650194065473124194 0.01615292441286013750 
0.90171807060556696811 0.06568135764382691810 0.03260057175060611379 
0.85320374419039446412 0.00985267631489179611 0.13694357949471364089 
0.73378730379498047220 0.01417293609373681054 0.25203976011128270684 
0.79327258697649227770 0.05082344870437814632 0.15590396431912947883 
0.86648058237040470608 0.01389853934915865827 0.11962087828043664606 
0.76850738842527877015 0.00000000100000000000 0.23149261057472117487 
0.66203929285063856103 0.00000000099999999999 0.33796070614936157828 
0.69079762789297827208 0.00000000099999999999 0.30920237110702164518 
0.77767031662120544855 0.01624373689455852962 0.20608594648423611551 
0.76509924670274709335 0.00000000100000000000 0.23490075229725285166 
0.70593731786025093466 0.00753787886431788162 0.28652480327543128347 
0.84246941809481545871 0.01444338043943181257 0.14308720146575260035 
0.64093168247756682199 0.00000000099999999999 0.35906831652243320629 
0.55816659117663369738 0.00000000099999999999 0.44183340782336633090 
0.50996707010518804726 0.00000000099999999999 0.49003292889481198102 
0.52715607190396829296 0.00000000099999999999 0.47284392709603167981 
0.59006055193219120181 0.00000000099999999999 0.40993944706780882647 
0.54357369021727675040 0.00000000099999999999 0.45642630878272322237 
0.67946847054535963739 0.00000000099999999999 0.32053152845464044640 
0.67806943941517949792 0.00000000099999999999 0.32193055958482064138 
0.78440273151444461774 0.02900647127949270918 0.18659079720606261410 
0.81790519652167303910 0.01521791210526390187 0.16687689137306294107 
0.87985455251811195421 0.04458206833452581924 0.07556337914736223349 
0.75255105019584167536 0.03551745088209292550 0.21193149892206536444 
0.84153610448589777349 0.04777070362695375744 0.11069319188714848989 
0.80057940439879859973 0.03612400085044106118 0.16329659475076033215 
0.82244041871752449069 0.02034465266444171472 0.15721492861803373908 
0.87670900522929928744 0.03621416807304021074 0.08707682669766055039 
0.74248702624484974599 0.00000000100000000000 0.25751297275515033780 
0.82096136378243000919 0.01272828963983907262 0.16631034657773099972 
0.90647967999034750886 0.06431642693177662407 0.02920389307787593647 
0.89300389845577377024 0.04304189852351298501 0.06395420302071323782 
0.71481208278938412892 0.00000000099999999999 0.28518791621061584385 
0.49707618844187179130 0.00000000099999999999 0.50292381055812829249 
0.74336394817190709627 0.02435603039056828331 0.23228002143752454756 
0.65025540287295935382 0.00000000100000000000 0.34974459612704072997 
0.76898999821304780955 0.00000000100000000000 0.23101000078695216322 
0.84556447263090506183 0.04817315194383912230 0.10626237542525583668 
0.78199603272491868822 0.02491573557550712248 0.19308823169957414767 
0.92976736466165577077 0.05501063530193169016 0.01522200003641261887 
0.93520518247921968769 0.04124837055638608252 0.02354644696439421245 
0.91278049845793929329 0.03280406479303013545 0.05441543674903052269 
0.92665771267282581736 0.05598990294509469806 0.01735238438207943948 
0.85831480588581843261 0.02766321280773673466 0.11402198130644468355 
0.64924287509528921802 0.00000000099999999999 0.35075712390471092128 
0.82742729465442710346 0.02974996442956248655 0.14282274091601040999 
0.66771026564100510736 0.00000000099999999999 0.33228973335899497643 
0.62011216694553339401 0.00000000099999999999 0.37988783205446663427 
0.86212368414472884126 0.01611633988406729542 0.12175997597120379046 
0.68509417824032003974 0.00000000099999999999 0.31490582075967987752 
0.74777458137870378430 0.00000000100000000000 0.25222541762129641052 
0.58750207808371057716 0.00000000099999999999 0.41249792091628934010 
0.76186952436258881249 0.01571421342464061552 0.22241626221277063791 
0.90385365362557013036 0.09614634537442971751 0.00000000100000000000 
0.92586089811125649174 0.07405446464041674781 0.00008463724832673578 
0.73674568512460492098 0.01375010444981954530 0.24950421042557560658 
0.79912494681003354291 0.00431689943979947886 0.19655815375016702506 
0.87824848771946284476 0.02487653234690356471 0.09687497993363354543 
0.90072715272729897418 0.06142582858703470039 0.03784701868566631155 
0.74903836503375598177 0.01900252262853374327 0.23195911233771013271 
0.90818219454366100329 0.09181780445633903887 0.00000000099999999999 
0.88542295351790822888 0.04116155998336190613 0.07341548649872997601 
0.78546060606407230864 0.03114046507955256504 0.18339892885637504305 
0.67261770438862400479 0.00004784228410986533 0.32733445332726623933 
0.77652714694923175021 0.00045287928819339580 0.22301997376257498562 
0.75617132491616501078 0.03193019121800189097 0.21189848386583304274 
0.71216135854938866778 0.00000000100000000000 0.28783864045061136050 
0.71876129235894203884 0.00000000099999999999 0.28123870664105787842 
0.79426455466813805639 0.06166350444488854360 0.14407194088697344858 
0.68145814111599145591 0.00000000100000000000 0.31854185788400846135 
0.87186395971466346122 0.02883468008248534289 0.09930136020285124099 
0.70541485897630584745 0.00000000099999999999 0.29458514002369429186 
0.86405218667501515473 0.06545387070155228582 0.07049394262343260109 
0.78945718343881976509 0.05674380876311089367 0.15379900779806943145 
0.87578375240324113360 0.05709182355853641144 0.06712442403822259374 
0.76535393114542060733 0.01463612374417275382 0.22000994511040677937 
0.72147096949812838940 0.00000000100000000000 0.27852902950187174991 
0.87301704336548036078 0.01890860222570935403 0.10807435440881033029 
0.75623717077867191882 0.00000000100000000000 0.24376282822132813721 
0.63694453312740284545 0.00000000099999999999 0.36305546587259712732 
0.74910510916840022944 0.00027926235214248635 0.25061562847945734189 
0.60531700164481705428 0.00000000099999999999 0.39468299735518291849 
0.70335940467912771989 0.00000000100000000000 0.29664059432087236390 
0.59100039482334132401 0.00000000099999999999 0.40899960417665864876 
0.76605548709146797925 0.01323775480373931210 0.22070675810479259416 
0.84901592814905846307 0.00546722157472876499 0.14551685027621269475 
0.75851928516903244226 0.02226708353120443115 0.21921363129976315087 
0.88070222416513510577 0.00848911947043089719 0.11080865636443397448 
0.83143031756975771529 0.01745266257138676502 0.15111701985885556132 
0.90053438187797429926 0.07125101304642607325 0.02821460507559965872 
0.77815155292453264124 0.00715718192144188057 0.21469126515402534028 
0.88092378757806899525 0.02877988813844352053 0.09029632428348753626 
0.79867956733357603483 0.00000000100000000000 0.20132043166642413223 
0.86887461324369463789 0.04730121956017466905 0.08382416719613067224 
0.79106768804845328802 0.00000000099999999999 0.20893231095154674026 
0.78946565437552129740 0.01969578198128123583 0.19083856364319759513 
0.93908706021490129245 0.04597801026477733866 0.01493492952032137930 
0.75608130841129184141 0.02350773649031091123 0.22041095509839736533 
0.70167505850179623383 0.00000000100000000000 0.29832494049820384996 
0.78205909105259741043 0.01806245334945167508 0.19987845559795086592 
0.75183582339838228581 0.00054664143546752321 0.24761753516615012116 
0.81580040057971525691 0.04114784908752355114 0.14305175033276137930 
0.86953739221161507889 0.02210650863524200524 0.10835609915314296792 
0.69778055334716793112 0.00035460407700108141 0.30186484257583096058 
0.90822405865005362280 0.08271248149953776274 0.00906345985040868558 
0.87870659770232251162 0.04404169726616818242 0.07725170503150934065 
0.88023527572590987145 0.05762402084297567340 0.06214070343111446210 
0.88092839833773284308 0.06084832197698287343 0.05822327968528426267 
0.77496730258725565754 0.01639941763432069266 0.20863327977842355265 
0.67378343505774995759 0.00000000099999999999 0.32621656394225007070 
0.85407137704419333613 0.04265497130686986271 0.10327365164893684280 
0.60884744218929631732 0.00000000099999999999 0.39115255681070371097 
0.76274583822363339891 0.00000000100000000000 0.23725416077636657386 
0.80354920544202002031 0.03627636038493062265 0.16017443417304944031 
0.73604926736363140982 0.01868282542105527411 0.24526790721531344097 
0.82079347257426371609 0.00649045893966389027 0.17271606848607251594 
0.56523792559586416573 0.00000000099999999999 0.43476207340413586255 
0.57534315039692129901 0.00000000100000000000 0.42465684860307884030 
0.46007848908125342779 0.00000000099999999999 0.53992150991874654498 
0.63215129267817193881 0.00000000099999999999 0.36784870632182797845 
0.46035843751036131799 0.00000000099999999999 0.53964156148963871029 
0.46891235515884449603 0.00000000099999999999 0.53108764384115547674 
0.56497274853318557586 0.00000000099999999999 0.43502725046681439691 
0.82610294464213940291 0.03303966268881518981 0.14085739266904534484 
0.79121045871910133940 0.00907347655483210259 0.19971606472606653893 
0.93202405425043421960 0.05205946722684869771 0.01591647852271713126 
0.89351019806536513546 0.03210135079569692573 0.07438845113893791106 
0.76927126276909008062 0.00000000100000000000 0.23072873623090989215 
0.73918127814035983203 0.00660738071782117527 0.25421134114181892505 
0.89854863816964225531 0.06749649033791474406 0.03395487149244308389 
0.83137824538056759316 0.01637451599904160560 0.15224723862039080124 
0.91059819980775080772 0.03467793731443398475 0.05472386287781520059 
0.69983483765829368473 0.02775468024253312238 0.27241048209917317902 
0.91060051080067960783 0.08939948819932044821 0.00000000099999999998 
0.93395861380669431551 0.06604037702441034607 0.00000100916889533450 
0.94511376380727973867 0.05488623519272013002 0.00000000099999999999 
0.90851023106968553655 0.06876282289665881786 0.02272694603365566640 
0.86494811301555107885 0.06799758279627003688 0.06705430418817882876 
0.78336919187672737763 0.00830085006138633202 0.20832995806188620014 
0.84149312328441583375 0.05343770372362373344 0.10506917299196043281 
0.90807213563148070357 0.05268369995933257915 0.03924416440918680055 
0.92539549268530807424 0.05420094797001658027 0.02040355934467522753 
0.82561628567360056952 0.00000000100000000000 0.17438371332639954203 
0.85287370621344360533 0.05338031595591014034 0.09374597783064622658 
0.73021323632040191498 0.00457934189236797358 0.26520742178723000215 
0.64717912712750191861 0.00000000100000000000 0.35282087187249810967 
0.81482085478550225766 0.00327958606683935580 0.18189955914765831846 
0.73550856915166074046 0.01497987038489175145 0.24951156046344755146 
0.82316783892593214933 0.00539188680254448684 0.17144027427152325194 
0.89404201192401122622 0.02742999317449043226 0.07852799490149843520 
0.59784286998534663660 0.00000000099999999999 0.40215712901465344720 
0.71740766253996479662 0.00000000099999999999 0.28259233646003517615 
0.63330382644895533151 0.00000000099999999999 0.36669617255104469677 
0.65598371831309676416 0.00000000100000000000 0.34401628068690315310 
0.00000000099999999998 0.74202300027384704428 0.25797699872615309502 
0.00000000099999999997 0.70361870109117041761 0.29638129790882944414 
0.00000000099999999997 0.63962072795529056890 0.36037927104470951489 
0.00000000099999999997 0.59779712028198606077 0.40220287871801396751 
0.00000000099999999997 0.66489411028861988839 0.33510588871138008438 
0.00000000099999999997 0.66556732067218615789 0.33443267832781370386 
0.00000000099999999997 0.58507682293982865573 0.41492317606017120601 
0.00000000099999999997 0.69406056414691763568 0.30593943485308222607 
0.00000000099999999997 0.75414121911276776888 0.24585877988723231491 
0.00000000099999999998 0.83361178609699959630 0.16638821290300034872 
0.00000000099999999998 0.74783542130080615795 0.25216457769919387033 
0.00000000099999999998 0.67535043830488061811 0.32464956069511924364 
0.00000000099999999997 0.74307760501535158326 0.25692239398464861155 
0.00000000099999999997 0.76726371446376107066 0.23273628453623890211 
0.00000000099999999998 0.80353318328474432342 0.19646681571525567711 
0.00000000099999999997 0.66018989908274905432 0.33981009991725097397 
0.00000000099999999998 0.80955724571497689190 0.19044275328502308087 
0.00000000099999999999 0.99999999800000005656 0.00000000099999999999 
0.00382754699960212701 0.99617245200039783448 0.00000000100000000000 
0.00000000099999999998 0.95096807634827429379 0.04903192265172571368 
0.00000000099999999998 0.76154818448682748411 0.23845181451317265520 
0.00000000099999999997 0.72210495277624997534 0.27789504622374999743 
0.00000000099999999997 0.59468800532111465440 0.40531199367888537388 
0.00000000099999999997 0.52066434456478316584 0.47933565443521686245 
0.00000000099999999997 0.56809026173553345274 0.43190973726446646452 
0.00000000099999999998 0.78554766175065215972 0.21445233724934778530 
0.00000000099999999997 0.59947486756184142909 0.40052513143815854368 
0.00000000099999999998 0.59898774746666361146 0.40101225153333636131 
0.00000000099999999999 0.95328302530833963768 0.04671697369166041142 
0.00000000099999999998 0.90690695650234354197 0.09309304249765656958 
0.00000000099999999999 0.99999999799999994554 0.00000000099999999999 
0.00000000099999999999 0.95519927515136693330 0.04480072384863312274 
0.00000000099999999998 0.65387604360564921535 0.34612395539435081293 
0.00000000099999999997 0.82268296414505193148 0.17731703485494815231 
0.00000000099999999997 0.81660487647107515841 0.18339512252892492539 
0.00000000099999999997 0.93012375338217756493 0.06987624561782239396 
0.00000000099999999998 0.76574494966101713800 0.23425504933898286253 
0.00000000099999999998 0.70951704620047206795 0.29048295279952807135 
0.00000000099999999998 0.78968383915828432862 0.21031615984171564415 
0.00000000099999999997 0.63113384367411784481 0.36886615532588207245 
0.00000000099999999997 0.72892474981421306879 0.27107524918578690398 
0.00000000099999999997 0.58824938319092823225 0.41175061580907179604 
0.00000000099999999997 0.77718565556200469580 0.22281434343799533249 
0.00000000099999999997 0.65027018822365634243 0.34972981077634357483 
0.00000000099999999998 0.85589439180686588404 0.14410560719313419975 
0.00000000099999999998 0.85589256972203442420 0.14410742927796563184 
0.00000000099999999998 0.88516347018622809628 0.11483652881377180710 
0.00000000099999999998 0.79853258247454417251 0.20146741652545582801 
0.00000000099999999998 0.89482777987109807238 0.10517221912890191426 
0.00000000099999999998 0.82881850598668260766 0.17118149301331742063 
0.00000000099999999998 0.73338311068666706127 0.26661688831333307803 
0.00000000099999999998 0.78707524705214826355 0.21292475194785176473 
0.00000000099999999998 0.81074884316297202158 0.18925115583702806221 
0.00000000099999999998 0.73517721921136325314 0.26482277978863666412 
0.00000000099999999997 0.72333844919266843121 0.27666154980733165258 
0.00000000099999999999 0.81559429838549346581 0.18440570061450659023 
0.00000000099999999998 0.91941190704333097816 0.08058809195666903624 
0.00000000099999999998 0.89318076493398679272 0.10681923406601333271 
0.00000000099999999998 0.84464620252466360295 0.15535379647533645309 
0.00000000099999999998 0.78434469330186773472 0.21565530569813226580 
0.00000000099999999998 0.65226872384907508273 0.34773127515092494555 
0.00000000099999999998 0.64686728675933302668 0.35313271224066705711 
0.00000000099999999998 0.71888947373022749066 0.28111052526977264865 
0.00000000099999999998 0.70825341824439069782 0.29174658075560927495 
0.00000000099999999998 0.62206277553935873659 0.37793722346064140272 
0.00000000099999999997 0.59609629598687141616 0.40390370301312861212 
0.00000000099999999998 0.59036875479974659786 0.40963124420025354144 
0.00000000099999999997 0.55982531242009159200 0.44017468657990843628 
0.00000000099999999998 0.72076584077363503589 0.27923415822636488137 
0.00000000099999999998 0.72712564784846356325 0.27287435115153640952 
0.00000000099999999998 0.85269920723676428942 0.14730079176323565560 
0.00000000099999999998 0.62209727149248872369 0.37790272750751136011 
0.00000000099999999998 0.63697786845536863432 0.36302213054463144948 
0.00000000099999999998 0.64193138382335090952 0.35806861517664911876 
0.00000000099999999998 0.66098138486741653264 0.33901861413258332911 
0.00000000099999999997 0.67438532979882859220 0.32561466920117143609 
0.00000000099999999998 0.74127579433054124891 0.25872420466945866835 
0.00000000099999999999 0.99999999800000005656 0.00000000099999999999 
0.00000000099999999999 0.90802629606324425371 0.09197370293675574682 
0.00000000099999999998 0.75969909053306960978 0.24030090846693039075 
0.00000000099999999998 0.99999999799999994554 0.00000000099999999998 
0.00000000099999999998 0.77206506553098119827 0.22793493346901871899 
0.00000000099999999998 0.70188931990948810746 0.29811067909051192082 
0.00000000099999999998 0.57448777850366461450 0.42551222049633541378 
0.00000000099999999998 0.90842552164771661616 0.09157447735228335661 
0.00000000099999999998 0.78823290582562588469 0.21176709317437422686 
0.00000000099999999998 0.72258233612429079162 0.27741766287570923666 
0.00000000099999999998 0.66861394862524148319 0.33138605037475860060 
0.00000000099999999998 0.64464049960393909888 0.35535949939606092940 
0.00000000099999999997 0.61855509469118530319 0.38144490430881472509 
0.00000000099999999997 0.61563579450780803182 0.38436420449219205198 
0.00000000099999999998 0.77885271514227361056 0.22114728385772633446 
0.00000000099999999997 0.64548286606195548476 0.35451713293804465454 
0.00000000099999999998 0.69624175042183078510 0.30375824857816918767 
0.00000000099999999998 0.77102110301927750946 0.22897889598072254658 
0.00000000099999999997 0.68510174054072070504 0.31489825845927926773 
0.00000000099999999998 0.74693936029939989041 0.25306063870060019338 
0.00000000099999999998 0.75300199425411240561 0.24699800474588773369 
0.00000000099999999998 0.71868457460106938139 0.28131542439893070240 
0.00000000099999999997 0.69595192991451360065 0.30404806908548637212 
0.00000000099999999997 0.66646992914251790285 0.33353006985748206992 
0.00000000099999999997 0.69612411000443774611 0.30387588899556217115 
0.00000000099999999997 0.75550715745395824463 0.24449284154604181141 
0.00000000099999999997 0.61076747599938463473 0.38923252300061539355 
0.00000000099999999998 0.64260359412152123770 0.35739640487847890160 
0.00000000100000000000 0.80748476157734727643 0.19251523742265258532 
0.00000000099999999998 0.70975252635625118991 0.29024747264374878286 
0.00000000099999999998 0.93821721392969470443 0.06178278507030541405 
0.00000000099999999997 0.61901711544225634931 0.38098288355774367897 
0.00000000099999999997 0.68545216631713612454 0.31454783268286379272 
0.00000000099999999997 0.69996712732635790744 0.30003287167364217636 
0.00000000099999999997 0.51216731900069467631 0.48783267999930546299 
0.00000000099999999997 0.62129059454854818068 0.37870940445145195863 
0.00000000099999999997 0.56880910470727463757 0.43119089429272555725 
0.00000000099999999998 0.65238541197493948864 0.34761458702506042862 
0.00000000099999999997 0.68902062250979345670 0.31097937649020640505 
0.00000000099999999998 0.69760250863624695405 0.30239749036375307423 
0.00000000099999999998 0.80425110969531743432 0.19574888930468259396 
0.00000000099999999998 0.83205780980746635311 0.16794218919253364741 
0.00000000099999999998 0.70545018375400936339 0.29454981524599049836 
0.00000000099999999998 0.79156857235233812897 0.20843142664766184380 
0.00000000099999999998 0.67715560611471492525 0.32284439288528510303 
0.00000000099999999998 0.47074151921098206230 0.52925847978901796598 
0.00000000099999999998 0.82090085088782205336 0.17909914811217811370 
0.00000000099999999999 0.99994555443227395308 0.00005444456772606678 
0.00000000099999999999 0.99999999800000005656 0.00000000099999999999 
0.00179046981577462325 0.99820952918422534150 0.00000000100000000000 
0.00000000099999999998 0.99941876477566082837 0.00058123422433920306 
0.00000000099999999999 0.99937870776703086051 0.00062129123296913405 
0.00000000099999999999 0.99999999800000005656 0.00000000099999999999 
0.00000000099999999998 0.96285925084248358274 0.03714074815751654962 
0.00000000099999999999 0.93164295048597056681 0.06835704851402950311 
0.00000000099999999999 0.94171155214840085446 0.05828844685159913913 
0.00000000099999999998 0.93164736784073953757 0.06835263115926056010 
0.00000000099999999999 0.95380657384975597868 0.04619342515024416063 
0.00000000099999999998 0.70945601063377217166 0.29054398836622780111 
0.00000000099999999997 0.73708362361729984347 0.26291637538270018482 
0.00000000099999999998 0.73287844765920417966 0.26712155134079584862 
0.00000000099999999997 0.64085295753943194441 0.35914704146056813938 
0.00000000099999999998 0.73205020206647675174 0.26794979693352316552 
0.00000000099999999998 0.80805116569838852936 0.19194883330161160995 
0.00000000099999999998 0.79490256125670410992 0.20509743774329586286 
0.00000000099999999997 0.72472422675496861455 0.27527577224503130271 
0.00000000099999999998 0.84765299255081760776 0.15234700644918239276 
0.00000000099999999999 0.96485780195889858657 0.03514219704110139314 
0.00000000099999999998 0.95491803051342127873 0.04508196848657874956 
0.00000000099999999998 0.98057301508082095332 0.01942698391917900905 
0.00000000099999999998 0.80132826574736815139 0.19867173325263182138 
0.00000000099999999998 0.89632665979475512064 0.10367333920524481050 
0.00000000099999999998 0.80823844558230473201 0.19176155341769540730 
0.00000000099999999998 0.83592849547928826937 0.16407150352071181443 
0.00000000099999999998 0.79548870067201171707 0.20451129832798820019 
0.00000000099999999998 0.79743922720282400807 0.20256077179717596470 
0.00000000099999999999 0.98223188479895107150 0.01776811420104896025 
0.00000000099999999998 0.99999999800000005656 0.00000000099999999998 
0.00000000100000000000 0.96992448042861822977 0.03007551857138183321 
