0.01382640900728956783 0.37287269259193300819 0.61330089840077750551 
0.06990747850686801490 0.04838176921338782632 0.88171075227974426980 
0.05673213141516816882 0.07361678262620449664 0.86965108595862727903 
0.00051635519525350013 0.37472403674543341978 0.62475960805931307629 
0.03272536687897224794 0.13850174220754632448 0.82877289091348138594 
0.04748475055843152937 0.13406279754521799319 0.81845245189635040806 
0.07757358926149982015 0.00355288218137531867 0.91887352855712489674 
0.06909047722106674561 0.00000000100000000000 0.93090952177893326880 
0.09631576565122856870 0.00469527698187870157 0.89898895736689277136 
0.08681232093405440164 0.00000000099999999999 0.91318767806594558500 
0.08597767841266000521 0.00000000100000000000 0.91402232058734000919 
0.04344488119361942374 0.05151522996428226087 0.90503988884209840560 
0.09936689840996151823 0.00000000100000000000 0.90063310059003853780 
0.06468607299361468776 0.03567727222272699256 0.89963665478365828498 
0.08709242579654083438 0.06207316272119398071 0.85083441148226524042 
0.03273142391767872722 0.27667537887310800215 0.69059319720921319430 
0.01902760995963895599 0.21841041909150993305 0.76256197094885103116 
0.02733946591509922586 0.11824360254287910599 0.85441693154202180693 
0.07362683054859019138 0.06632469093294561524 0.86004847851846411011 
0.09779517454302398549 0.05294222977481329723 0.84926259568216266871 
0.05348193556817368299 0.09662618722570104346 0.84989187720612535681 
0.06570331907950201222 0.15922609999602926889 0.77507058092446878828 
0.06693336583933923167 0.05566306025646350353 0.87740357390419720929 
0.08009513949564915636 0.00031882055351869387 0.91958603995083210147 
0.10338180352343455393 0.00000000100000000000 0.89661819547656540497 
0.04717806893703141435 0.06526390708668218521 0.88755802397628635880 
0.04764001274395986141 0.09042850827107584699 0.86193147898496424997 
0.02631937262091460505 0.03275189641805212326 0.94092873096103335495 
0.10499559052076486154 0.01938790974929547467 0.87561649972993960134 
0.10561628236985494411 0.01937658351768491855 0.87500713411246011653 
0.05104610125936634435 0.26298384342345276776 0.68597005531718102667 
0.01002930399967851514 0.26942209509065362383 0.72054860090966788011 
0.00686560273737124235 0.32153424339185382452 0.67160015387077498517 
0.01001929966691133926 0.34626966946094117628 0.64371103087214731620 
0.03014945365458943788 0.19172627116348811560 0.77812427518192250897 
0.00581585408939987430 0.31880584924976151928 0.67537829666083859514 
0.08429124168924723159 0.00001146727097006988 0.91569729103978270146 
0.04000919806856266525 0.26676230610642825969 0.69322849582500911669 
0.00000000099999999999 0.43949440108243498226 0.56050559791756493500 
0.00000000099999999999 0.35348058060523573909 0.64651941839476412266 
0.01163528949167833872 0.28259654895457486656 0.70576816155374677564 
0.00511338828584276348 0.33055193402165056193 0.66433467769250675872 
0.01457339598205161998 0.16160423681813179675 0.82382236719981660755 
0.00000000100000000000 0.32724733757797247469 0.67275266142202760911 
0.00000000099999999999 0.35085409760169605775 0.64914590139830385951 
0.05889912426591369793 0.11664930289280461828 0.82445157284128156583 
0.18442931130733636325 0.02642391377472688013 0.78914677491793683295 
0.09254964766928981679 0.00000000099999999999 0.90745035133071016986 
0.06579499546320875802 0.04534963877309811792 0.88885536576369306161 
0.06071292310678906567 0.06459050106414740422 0.87469657582906357174 
0.06113659600079126427 0.03146198017867330582 0.90740142382053545766 
0.03448602380067528755 0.13569314231322471276 0.82982083388610006214 
0.06093644359889224121 0.13492390654055144705 0.80413964986055641582 
0.04518400667259165476 0.12565265620515869704 0.82916333712224965513 
0.00000000099999999999 0.36757785080327787242 0.63242214819672215587 
0.00000000099999999999 0.42238572077734071186 0.57761427822265920540 
0.00000000099999999999 0.36423484226143448828 0.63576515673856559552 
0.05907372424446914044 0.07182118954558384949 0.86910508620994708640 
0.00000000099999999999 0.37298654492771016189 0.62701345407228969986 
0.02610264715266470345 0.22929300591568815837 0.74460434693164712083 
0.00000000099999999999 0.46466100970804574688 0.53533898929195422589 
0.00619327585708213078 0.25619634944854879910 0.73761037469436918634 
0.02547892910166560734 0.24353597807850418944 0.73098509281983026220 
0.02619473166428666622 0.30687229961841744341 0.66693296871729579323 
0.00000000100000000000 0.29067844837766193544 0.70932155062233814835 
0.00000000099999999999 0.35301319977278816653 0.64698679922721180624 
0.00620826809812061089 0.20848330965754735544 0.78530842224433194954 
0.01304434813251194487 0.24591661174518783528 0.74103904012230004117 
0.00472816224450984483 0.23976386388308118525 0.75550797387240886671 
0.00000000100000000000 0.29007927332549598987 0.70992072567450403842 
0.04795861348406103147 0.13812988108810006493 0.81391150542783896604 
0.00071587254303585911 0.36595769885743900662 0.63332642859952514858 
0.00000000099999999999 0.44770836070532799011 0.55229163829467209368 
0.00000000402777275948 0.34481125173064763878 0.65518874424157957925 
0.00877805238465249188 0.24892616707014428301 0.74229578054520339858 
0.00000000099999999999 0.41241071458652156512 0.58758928441347835214 
0.00000000100000000000 0.35499002937864293505 0.64500996962135703772 
0.01419909186695120056 0.28306417953124807241 0.70273672860180069755 
0.00704746787894834463 0.27240495692748306622 0.72054757519356849027 
0.01233970786160265044 0.20361654925913752479 0.78404374287925981957 
0.08114499807558282762 0.00000000099999999999 0.91885500092441707576 
0.05867245016871406454 0.18074860062986422560 0.76057894920142166129 
0.00468233520111355304 0.23508570487650315428 0.76023195992238323804 
0.11023643955059203581 0.08152099122437272971 0.80824256922503534550 
0.11465844673765551720 0.03757027809917605488 0.84777127516316841405 
0.07326391546413223155 0.13191534839153565284 0.79482073614433212949 
0.00000000100000000000 0.26978407862785297455 0.73021592037214699822 
0.00392746705888482803 0.33565636079840333039 0.66041617214271175484 
0.05220533242464526352 0.13671022792060322226 0.81108443965475152115 
0.04045893337740363166 0.25158740661086775869 0.70795366001172865822 
0.00000000100000000000 0.39005986517197277497 0.60994013382802714229 
0.04578694442890488686 0.15764412645546790892 0.79656892911562726667 
0.04328879832585589421 0.14236573193793589098 0.81434546973620813848 
0.00000000099999999999 0.30375121432286583678 0.69624878467713413599 
0.00000000100000000000 0.36005951426280824457 0.63994048473719167269 
0.00863057018236644026 0.30813550954967122708 0.68323392026796236909 
0.01585295732868087504 0.27548760271142191947 0.70865943995989721937 
0.00000000099999999999 0.34967303370782021332 0.65032696529217981496 
0.00000000099999999999 0.34565872776947281775 0.65434127123052709951 
0.00000000099999999999 0.51224899516805522115 0.48775100383194480713 
0.00000000099999999999 0.42251292296939263471 0.57748707603060733806 
0.00000000099999999999 0.38107806001663857565 0.61892193898336145264 
0.02994150138757185539 0.17010868375899498850 0.79994981485343319427 
0.03261500309371599682 0.22406667558534187901 0.74331832132094222132 
0.00670353394691908418 0.24875838814256015508 0.74453807791052073473 
0.00000000100000000000 0.42579032280260309395 0.57420967619739693433 
0.04618859954093239989 0.15863121067690344468 0.79518018978216409298 
0.05899922317396871091 0.27428600022656646207 0.66671477659946487559 
0.03102494075518936328 0.10679718025304124618 0.86217787899176956401 
0.01738023538445292518 0.23130389321889593957 0.75131587139665112485 
0.00000043572580120297 0.21011799171070782988 0.78988157256349089685 
0.00113109144025883295 0.30684537809802525654 0.69202353046171594109 
0.10180052853900789511 0.21893270404509285187 0.67926676741589930852 
0.00716576865186185734 0.29994129318233897497 0.69289293816579922147 
0.00000000099999999999 0.39628594598190958198 0.60371405301809033528 
0.03028783626615828492 0.26685074039330053397 0.70286142334054124703 
0.04711658503688800903 0.11757807117952662201 0.83530534378358534120 
0.08001438104375954707 0.04638072466682040956 0.87360489428942011969 
0.00968718686107210465 0.24290326182523142018 0.74740955131369646303 
0.00030858853647178274 0.29428643995115638665 0.70540497151237180340 
0.03360879002521471870 0.16871967985590569095 0.79767153011887959035 
0.00330530452440017369 0.21548585022483196516 0.78120884525076794702 
0.01370809469241340318 0.22323791523316752206 0.76305399007441920833 
0.01823650116476948496 0.22314304409593579970 0.75862045473929473616 
0.02809388851225807018 0.26389509522063075986 0.70801101626711115955 
0.00000000099999999999 0.32824148143352893658 0.67175851756647086965 
0.16757760237098209832 0.00000000099999999999 0.83242239662901795771 
0.09103666253193591629 0.00000000099999999999 0.90896333646806415363 
0.07557735003031015864 0.00000000100000000000 0.92442264896968984189 
0.09371653549428927976 0.00000000100000000000 0.90628346350571065138 
0.04149735874787158219 0.11565169672991718053 0.84285094452221132055 
0.00298126823933791887 0.22532878772913295107 0.77168994403152924022 
0.00002301567796847179 0.33057520353761504772 0.66940178078441658904 
0.02092392290610920955 0.18273176767725973768 0.79634430941663103543 
0.00000000099999999999 0.35652008181972083545 0.64347991718027897079 
0.01338347817944082578 0.34620160634163948954 0.64041491547891971070 
0.00000000100000000000 0.36872035486765242229 0.63127964413234771701 
0.04237035877016451235 0.12149435005133443766 0.83613529117850104999 
0.00000000099999999999 0.30841371440449993901 0.69158628459550020029 
0.01787366410042404846 0.22338910467469455523 0.75873723122488145876 
0.00000000099999999999 0.34929594418741610751 0.65070405481258386526 
0.00903747261741028561 0.22229652140451727771 0.76866600597807244188 
0.00000000099999999999 0.43614685825701648980 0.56385314074298353848 
0.00000000099999999999 0.45909378355508534408 0.54090621544491479522 
0.00000000099999999999 0.48924399020138609195 0.51075600879861393633 
0.00000000100000000000 0.32014328055155100161 0.67985671844844908218 
0.00000000099999999999 0.62294522597219315063 0.37705477302780671112 
0.00000000100000000000 0.28957459832911625064 0.71042540067088377764 
0.03900975547132428528 0.19164659218218960124 0.76934365234648605103 
0.03947461608356636620 0.16060970853975090056 0.79991567537668273324 
0.00000000100000000000 0.38686138652551044226 0.61313861247448953051 
0.00000003994460410107 0.31045424598312604259 0.68954571407226983304 
0.03559275549521580956 0.24965518846100062667 0.71475205604378355684 
0.03167135004846381025 0.19072115453903271121 0.77760749541250351324 
0.03878094942299190745 0.14575186000323281377 0.81546719057377525797 
0.00000000100000000000 0.36011147685053324086 0.63988852214946667640 
0.00000000099999999999 0.35594913341367262483 0.64405086558632729243 
0.00000000099999999999 0.35068654802053594866 0.64931345097946402412 
0.00119649572362104991 0.25517065123090543199 0.74363285304547366295 
0.02229807558779244719 0.19587533281574218136 0.78182659159646528124 
0.17025215861377104853 0.02294553707190404371 0.80680230431432486959 
0.05733936322387312573 0.01197628589818326185 0.93068435087794354477 
0.18707047475898339051 0.00138767714137548828 0.81154184809964102776 
0.01354217274161271037 0.19226564914807578455 0.79419217811031161958 
0.03470993977442288908 0.11630572632532672206 0.84898433390025029865 
0.00000000099999999999 0.33582131872791959326 0.66417868027208049053 
0.00000000100000000000 0.27299040119193712650 0.72700959780806295729 
0.00000000100000000000 0.31224115252662537623 0.68775884647337459654 
0.00000000100000000000 0.17931084485010476137 0.82068915414989518364 
0.00000000099999999999 0.27610434319036852857 0.72389565580963144420 
0.00000000100000000000 0.25891374613051904019 0.74108625286948104360 
0.00000000099999999999 0.38115112097610842623 0.61884887802389154654 
0.00000000099999999999 0.31378689527742820164 0.68621310372257171561 
0.00000000099999999999 0.33656952937335787857 0.66343046962664209421 
0.00000000099999999999 0.51833657688476864056 0.48166342211523138772 
0.00171081405219132197 0.31137831736490007017 0.68691086858290861805 
0.09483004181574242186 0.01886355570885357366 0.88630640247540415366 
0.07561510286690246996 0.00000000100000000000 0.92438489613309748893 
0.07840436911326839620 0.00000000099999999999 0.92159562988673160433 
0.09370036473566936697 0.00000000100000000000 0.90629963426433068907 
0.00110482020593267961 0.21071554760589025768 0.78817963218817710391 
0.08006557257141413975 0.00000000100000000000 0.91993442642858591629 
0.09260295286789339830 0.00000000100000000000 0.90739704613210658835 
0.06998148316155111681 0.01657364904253363913 0.91344486779591527181 
0.00000000100000000000 0.27075055597943076258 0.72924944302056926571 
0.06903186365106246669 0.07784406269587802740 0.85312407365305942264 
0.02451775846929385438 0.18481182009347091322 0.79067042143723531566 
0.00000000596333111276 0.31889766468925401233 0.68110232934741488098 
0.00000000099999999999 0.26121990445812059978 0.73878009454187942850 
0.03483582093520243977 0.16368002172337153821 0.80148415734142586242 
0.00000603596928796435 0.20871058032771908075 0.79128338370299289295 
0.00000000100000000000 0.27430166872732936190 0.72569833027267061087 
0.05960737004460068406 0.10978926496169248705 0.83060336499370679419 
0.05099023829159681637 0.02607523594262356123 0.92293452576577961199 
0.10248805323827613056 0.00000000099999999999 0.89751194576172399486 
0.05985838580685438892 0.02368132241386417675 0.91646029177928145515 
0.10345861404481540569 0.01946634345129234778 0.87707504250389212164 
0.07109572485033245626 0.07365003518429760754 0.85525423996536986682 
0.04802158621678897371 0.00000000100000000000 0.95197841278321115865 
0.07271838583736663086 0.02107712598048498004 0.90620448818214849318 
0.00000000099999999999 0.38329993230791381542 0.61670006669208610184 
0.00000000100000000000 0.35677319031923443449 0.64322680868076553828 
0.02190856160499659103 0.14479859394881047785 0.83329284444619278194 
0.00000000099999999999 0.25146375289865841030 0.74853624610134172901 
0.01339772940830238034 0.26563148368410516298 0.72097078690759242026 
0.03600797257066558343 0.13230845226575427276 0.83168357516358015769 
0.00000000099999999999 0.35760174862810500951 0.64239825037189501877 
0.02266090008140722589 0.19822735475558608820 0.77911174516300674142 
0.00733238097610789102 0.31932340271151754552 0.67334421631237462158 
0.02972160708807909321 0.20817185690259007447 0.76210653600933087048 
0.01911679649578025206 0.15020963742316062461 0.83067356608105902271 
0.00000000100000000000 0.31911999532589030437 0.68088000367410950187 
0.02016502695153470776 0.20347407362438835188 0.77636089942407693343 
0.00000000100000000000 0.28995699972897387431 0.71004299927102620948 
0.00000000659448571132 0.41001654497271589062 0.58998344843279848515 
0.00000000099999999999 0.32521278445847229266 0.67478721454152768011 
0.01717138960215629229 0.22094433468645391372 0.76188427571138972461 
0.11027679340434391742 0.05615459189372308535 0.83356861470193288621 
0.00000000100000000000 0.29554110946997858012 0.70445888953002133714 
0.00000230158400241466 0.25374597949286431531 0.74625171892313324484 
0.03589547249824185521 0.15108227768010076830 0.81302224982165749445 
0.00648437132176439557 0.25562673687210613060 0.73788889180612948770 
0.03740772847333440065 0.22970213237295544761 0.73289013915371004071 
0.01305637203372886704 0.28169321991876244970 0.70525040804750871448 
0.00000000099999999999 0.27095056006518730696 0.72904943893481277684 
0.02631790855897926662 0.14053834959035582663 0.83314374185066497613 
0.04210585501783557782 0.15023498390761375054 0.80765916107455071327 
0.00994499130641854703 0.27429473181500108048 0.71576027687858034820 
0.00515215381299731923 0.21646079714305743735 0.77838704904394528938 
0.05818830265795413292 0.03249079253660252381 0.90932090480544336408 
0.00000000099999999999 0.35609109338475997131 0.64390890561524005697 
0.00000000100000000000 0.34724545955560032207 0.65275453944439965071 
0.00000000099999999999 0.30435438105387269125 0.69564561794612733703 
0.00000000099999999999 0.39471249271818725779 0.60528750628181282600 
0.00000000099999999999 0.27313473159301987492 0.72686526740697998683 
0.00000000099999999999 0.30064587598646003164 0.69935412301353994113 
0.00000000100000000000 0.31055207721707950297 0.68944792178292046980 
0.00000179137981317276 0.29031192948194317616 0.70968627913824366971 
0.00000000099999999999 0.34873638198480577666 0.65126361701519419611 
0.00000000099999999999 0.46953887914574449214 0.53046111985425559165 
0.00000000100000000000 0.28196854224597472927 0.71803145675402513248 
0.00647537912387051960 0.24766766149647415074 0.74585695937965523772 
0.01779408423344266271 0.17545210122133064745 0.80675381454522654412 
0.00000000099999999999 0.57995494287666871092 0.42004505612333142839 
0.00000000099999999999 0.30709227126702370869 0.69290772773297626408 
0.00000000099999999999 0.38871450173311733467 0.61128549726688252708 
0.00000000099999999999 0.37095661315408146042 0.62904338584591856787 
0.00000000099999999999 0.35199662123476521680 0.64800337776523464495 
0.00000000099999999999 0.33132264390131649368 0.66867735509868342358 
0.00000000099999999999 0.23005094551244315015 0.76994905348755693364 
0.00000000099999999999 0.34695010988496505222 0.65304988911503503157 
0.00000000099999999999 0.30973367599599332944 0.69026632300400647679 
0.00000000170797970994 0.32452903573673763660 0.67547096255528271680 
0.00000000099999999999 0.30885879000251920123 0.69114120899748066051 
0.00000000099999999999 0.39606483398916858540 0.60393516501083144288 
0.05321169491935875268 0.08233553123887035752 0.86445277384177088287 
0.04203627340253308226 0.09022855947724801873 0.86773516712021903086 
0.01101483714434088428 0.17034424520411683979 0.81864091765154223257 
0.00000000100000000000 0.24476242403303133388 0.75523757496696874991 
0.06665156604799066242 0.12159351209582949793 0.81175492185617992291 
0.05627364857351062344 0.01702960825766068956 0.92669674316882866272 
0.06553498506344186680 0.03328335695491663887 0.90118165798164140412 
0.00979861462479396199 0.13755073873037684806 0.85265064664482914658 
0.01418952765081291437 0.25251551324303572743 0.73329495910615150045 
0.05078084698078082909 0.15644329977448290236 0.79277585324473631712 
0.01384212281881267402 0.12020589824366620380 0.86595197893752118290 
0.00000000100000000000 0.23203667691856164068 0.76796332208143835985 
0.00000000099999999999 0.33849169721913247022 0.66150830178086739153 
0.00000000099999999999 0.30974853812684860488 0.69025146087315136789 
0.01623195578249324311 0.20660787109257516825 0.77716017312493146374 
0.00000000100000000000 0.23545543885328951150 0.76454456014671046127 
0.00763066372383643370 0.28689575762749974785 0.70547357864866389043 
0.01439571942746013626 0.14368578998304729066 0.84191849058949252971 
0.00000000099999999999 0.35962789259861993596 0.64037210640137987028 
0.00000000099999999999 0.44234699383368075720 0.55765300516631910455 
0.00000000099999999999 0.49050024167265171560 0.50949975732734831269 
0.00000000099999999999 0.47333864741747783134 0.52666135158252225246 
0.00000000099999999999 0.41046492288079688970 0.58953507611920297204 
0.00000000099999999999 0.45690718044331340986 0.54309281855668645189 
0.00000000099999999999 0.32108784738219203758 0.67891215161780782417 
0.00000000099999999999 0.32246515980744067109 0.67753483919255919066 
0.02898271966746643682 0.18713013424402447082 0.78388714608850906806 
0.01519555925321465321 0.16740515797171276469 0.81739928277507245546 
0.04448263603317929166 0.07619879570160771609 0.87931856826521304082 
0.03551265576561925263 0.21243200988621929737 0.75205533434816140836 
0.04771421659815225369 0.11123295921911698081 0.84105282418273064060 
0.03610261078288621445 0.16379851348743790229 0.80009887572967586244 
0.02030444392784748128 0.15776825305600450378 0.82192730301614802535 
0.03612510635341405901 0.08769207322452048092 0.87618282042206552251 
0.00000000100000000000 0.25803997354599844671 0.74196002545400152606 
0.01269427345965399266 0.16687736096039115785 0.82042836557995502123 
0.06415185948655797998 0.02992288017602119654 0.90592526033742082348 
0.04291836497091415514 0.06464643393281080397 0.89243520109627494374 
0.00000000099999999999 0.28571683965928579285 0.71428315934071417992 
0.00000000099999999999 0.50340201561395847563 0.49659798338604155266 
0.02436083118016322754 0.23276257770397959512 0.74287659111585724325 
0.00000000100000000000 0.35022936631118550821 0.64977063268881452007 
0.00000000100000000000 0.23154477749407054166 0.76845522150592948663 
0.04810418033645322278 0.10684195239659712018 0.84505386726694975419 
0.02492692169877537903 0.19353309699596199511 0.78153998130526258770 
0.05479670273301862071 0.01605992319020494927 0.92914337407677638492 
0.04107928423387738337 0.02427814048425902191 0.93464257528186356350 
0.03269876699772398393 0.05507023364029604157 0.91223099936198004389 
0.05579858000132119356 0.01811197629460569933 0.92608944370407308977 
0.02760868549706325253 0.11459564525114636357 0.85779566925179040471 
0.00000000099999999999 0.35127062093036770518 0.64872937806963226759 
0.02970878634681294039 0.14336811700314675000 0.82692309665004037900 
0.00000000099999999999 0.33282229919438155452 0.66717769980561847376 
0.00000000099999999999 0.38043872609342438418 0.61956127290657569961 
0.01606208342026789818 0.12234595658486277503 0.86159195999486937190 
0.00000000099999999999 0.31543904654015886280 0.68456095245984116548 
0.00000000100000000000 0.25274947095820932130 0.74725052804179059596 
0.00000000099999999999 0.41303774513337693230 0.58696225386662292944 
0.01572064923755813956 0.22290419499960295591 0.76137515576283887331 
0.09627437863396685891 0.00000000100000000000 0.90372562036603309998 
0.07397242329622517876 0.00057546293244864033 0.92545211377132619024 
0.01378169423611335515 0.24995770477273016041 0.73626060099115642199 
0.00429850647231038666 0.19708991437509573719 0.79861157915259384232 
0.02480533205167796337 0.09746899444856907402 0.87772567349975294526 
0.06129166418602859101 0.03849610473546408174 0.90021223107850723011 
0.01900165734811355700 0.23246290219354770468 0.74853544045833875220 
0.09194477380983259729 0.00000000099999999999 0.90805522519016745875 
0.04106740053684782010 0.07402573375462687122 0.88490686570852539194 
0.03112249798244393767 0.18390619946998090772 0.78497130254757530032 
0.00019741403876152744 0.32763564813175904966 0.67216693782947944946 
0.00063396364503735033 0.22330930379165017663 0.77605673256331253462 
0.03193244527234211094 0.21237672771748081213 0.75569082701017709081 
0.00000000100000000000 0.28836048063939601072 0.71163951836060401757 
0.00000000099999999999 0.28177691829182510697 0.71822308070817486580 
0.06161096812876132311 0.14462094340065378972 0.79376808847058499818 
0.00000000100000000000 0.31904584044653327979 0.68095415855346652645 
0.02876478353228752866 0.09989136688998645486 0.87134384957772614833 
0.00000000099999999999 0.29511470169358172688 0.70488529730641824589 
0.06534930404280656080 0.07110345791822815509 0.86354723803896527023 
0.05670185462376761687 0.15432207060509325891 0.78897607477113917973 
0.05698532703613480577 0.06775419380837623129 0.87526047915548899070 
0.01464495334311384858 0.22049822521240841633 0.76485682144447764141 
0.00000000960444508390 0.27904401692608821195 0.72095597346946682649 
0.01884027846217314894 0.10868402173056619653 0.87247569980726069616 
0.00000000100000000000 0.24431033994095419093 0.75568965905904583735 
0.00000000099999999999 0.36356723994773704201 0.63643275905226293077 
0.00049995937768884864 0.25083714298627801664 0.74866289763603321994 
0.00000000099999999999 0.39523246026742037129 0.60476753873257960148 
0.00000000100000000000 0.29718061946888202352 0.70281937953111794926 
0.00000000099999999999 0.40949181504494003292 0.59050818395505988434 
0.01324912772177624411 0.22119115639894834646 0.76555971587927551525 
0.00541748773382033904 0.14608203782966225348 0.84850047443651743784 
0.02226960046040803859 0.21970230056953554687 0.75802809897005629658 
0.00841860802110006197 0.11143176311684679924 0.88014962886205316828 
0.01740452314390105240 0.15169856081253368929 0.83089691604356519239 
0.07108106147262965857 0.02893627922923142082 0.89998265929813880959 
0.00715218459068823424 0.21522508569625858899 0.77762272971305312907 
0.02871403368104403012 0.09085833406831246573 0.88042763225064346599 
0.00000000100000000000 0.20187257795402488436 0.79812742104597522719 
0.04721487182330949550 0.08442925743530439731 0.86835587074138609331 
0.00000000099999999999 0.20948184956638207788 0.79051814943361786714 
0.01968643996667659296 0.19134564144436425059 0.78896791858895909400 
0.04577382317771813008 0.01578667864897879275 0.93843949817330307717 
0.02351349021125104244 0.22089522538555961262 0.75559128440318934494 
0.00000000100000000000 0.29881452366451155545 0.70118547533548836181 
0.01805586494583123064 0.20038584456953129065 0.78155829048463743014 
0.00074132603004602898 0.24791157649497794213 0.75134709747497596677 
0.04112036776588320897 0.14355378129174983792 0.81532585094236698087 
0.02204067515217435907 0.10897337901843506813 0.86898594582939059361 
0.00065410769695520093 0.30200696245655650474 0.69733892984648826463 
0.08238118624244193666 0.01010564389376217460 0.90751316986379593210 
0.04395594373286172696 0.07785205200828931860 0.87819200425884891281 
0.05751660049790961737 0.06276732725853095829 0.87971607224355941046 
0.06073828983644855017 0.05884235323327261652 0.88041935693027895127 
0.01639272554626089451 0.20914554897654769050 0.77446172547719138723 
0.00000000099999999999 0.32675457328853213523 0.67324542571146783754 
0.04258808387202661638 0.10385442449547828414 0.85355749163249505784 
0.00000000099999999999 0.39166999990218670513 0.60832999909781315662 
0.00000000100000000000 0.23781276743975510168 0.76218723156024481558 
0.03624882217308118826 0.16069047363858296462 0.80306070418833574998 
0.01869333957896108372 0.24574801492522121982 0.73555864549581784217 
0.00647920451770516402 0.17321829903098737158 0.82030249645130759450 
0.00000000099999999999 0.43525843256339302734 0.56474156643660700095 
0.00000000100000000000 0.42512727297257257852 0.57487272602742744976 
0.00000000099999999999 0.54040524127627276307 0.45959475772372732072 
0.00000000099999999999 0.36837554249511933468 0.63162445650488063809 
0.00000000099999999999 0.54013119932252418032 0.45986879967747579245 
0.00000000099999999999 0.53155092708818396652 0.46844907191181595074 
0.00000000099999999999 0.43550955411203634560 0.56449044488796362717 
0.03299909138170677853 0.14140330224209157750 0.82559760637620172030 
0.00905689240035327178 0.20025851929988919276 0.79068458829975751812 
0.05187078042261997202 0.01667459593736144927 0.93145462364001851974 
0.03201038892993997298 0.07501216826988621467 0.89297744280017377072 
0.00000000100000000000 0.23125886021357683342 0.76874113878642325037 
0.00663362017675217085 0.25470145250032594220 0.73866492732292188261 
0.06733626637280576421 0.03466199569271297826 0.89800173793448123671 
0.01633167122182362443 0.15283822379818662318 0.83083010497998988075 
0.03457508086013414556 0.05536128929589283904 0.91006362984397304317 
0.02781491979645584270 0.27277559954004693132 0.69940948066349717394 
0.08951467173684116152 0.00000000099999999998 0.91048532726315889452 
0.06614454812108953863 0.00005365311885176344 0.93380179876005864337 
0.05499523409010691893 0.00000000099999999999 0.94500476490989304690 
0.06858114805686163495 0.02348612410544541687 0.90793272783769296552 
0.06789309560979302216 0.06766726471936893028 0.86443963967083803368 
0.00830697525551639393 0.20881823899002083245 0.78287478575446267648 
0.05338147379533014075 0.10559773620669297978 0.84102078999797680314 
0.05255764082756322897 0.03990351163071534368 0.90753884754172142735 
0.05402805231256090079 0.02114725431057585397 0.92482469337686323829 
0.00000018893418705240 0.17493578036529608410 0.82506403070051681503 
0.05329440959716491566 0.09435539842561309343 0.85235019197722183826 
0.00463378090296036067 0.26563124170638513499 0.72973497739065451562 
0.00000000100000000000 0.35331863479457847887 0.64668136420542143838 
0.00323121366067526420 0.18248675310145556772 0.81428203323786918499 
0.01501571549091769778 0.24995124262057855091 0.73503304188850382417 
0.00535599413037804797 0.17202631675425500424 0.82261768911536681248 
0.02735408023007362271 0.07912037582353066700 0.89352554394639560620 
0.00000000099999999999 0.40267071194439557624 0.59732928705560439653 
0.00000000099999999999 0.28314375937269997685 0.71685623962730005143 
0.00000000099999999999 0.36723434230642049148 0.63276565669357953681 
0.00000000100000000000 0.34452608628155878545 0.65547391271844124283 
0.74197536850192036262 0.25802463049807961015 0.00000000099999999998 
0.70367000221583664299 0.29632999678416321876 0.00000000099999999997 
0.63970709733256281293 0.36029290166743715984 0.00000000099999999997 
0.59793072036634553612 0.40206927863365438114 0.00000000099999999997 
0.66499402591187239953 0.33500597308812740671 0.00000000099999999997 
0.66561161160796811220 0.33438838739203191608 0.00000000099999999997 
0.58521907938945938454 0.41478091961054064374 0.00000000099999999997 
0.69408659782814807748 0.30591340117185183978 0.00000000099999999997 
0.75421908393964764983 0.24578091506035226743 0.00000000099999999997 
0.83356242172609040786 0.16643757727390964818 0.00000000099999999998 
0.74788914154090457842 0.25211085745909544986 0.00000000099999999998 
0.67540915992915329102 0.32459083907084662624 0.00000000099999999998 
0.74304991985293211698 0.25695007914706785579 0.00000000099999999997 
0.76721591607575156946 0.23278408292424843107 0.00000000099999999997 
0.80348473649402241126 0.19651526250597764478 0.00000000099999999998 
0.66023227000367168404 0.33976772899632823322 0.00000000099999999997 
0.80932239086607493661 0.19067760813392489738 0.00000000099999999998 
0.99999971290358358189 0.00000028609641641102 0.00000000099999999999 
0.99609820629814516124 0.00000000100000000000 0.00390179270185486574 
0.95075724503309577695 0.04924275396690407786 0.00000000099999999998 
0.76164251370856894674 0.23835748529143113705 0.00000000099999999998 
0.72211845190042600606 0.27788154709957385569 0.00000000099999999997 
0.59480029371293285934 0.40519970528706711344 0.00000000099999999997 
0.52083381703314457489 0.47916618196685534237 0.00000000099999999997 
0.56822710510188811917 0.43177289389811174258 0.00000000099999999997 
0.78605838061983057674 0.21394161838016936827 0.00000000099999999998 
0.59959314460007018255 0.40040685439992979022 0.00000000099999999997 
0.59914481716078682449 0.40085518183921309276 0.00000000099999999998 
0.95306379169900012904 0.04693620730099975352 0.00000000099999999999 
0.90672814885698427290 0.09327185014301567212 0.00000000099999999998 
0.99999956903762077243 0.00000042996237925907 0.00000000099999999999 
0.95494319026314167242 0.04505680873685823096 0.00000000099999999999 
0.65393745027756122745 0.34606254872243868981 0.00000000099999999998 
0.82253167476891964061 0.17746832423108027665 0.00000000099999999997 
0.81656813869306565934 0.18343186030693423016 0.00000000099999999997 
0.92996902248944723901 0.07003097651055265049 0.00000000099999999997 
0.76572687767772573686 0.23427312132227426367 0.00000000099999999998 
0.70959180033001378884 0.29040819866998623944 0.00000000099999999998 
0.79010081917089391990 0.20989917982910594185 0.00000000099999999998 
0.63124858471711575714 0.36875141428288416012 0.00000000099999999997 
0.72896806316720197394 0.27103193583279794332 0.00000000099999999997 
0.58832672352617820799 0.41167327547382176478 0.00000000099999999997 
0.77741383416651499427 0.22258616483348503401 0.00000000099999999997 
0.65038220702204740942 0.34961779197795239682 0.00000000099999999997 
0.85580589130942319454 0.14419410769057675048 0.00000000099999999998 
0.85584879493346555090 0.14415120406653436635 0.00000000099999999998 
0.88503879664363305224 0.11496120235636686502 0.00000000099999999998 
0.79852637793857594861 0.20147362106142391314 0.00000000099999999998 
0.89472577235857775335 0.10527422664142219166 0.00000000099999999998 
0.82874722823217050749 0.17125277076782946528 0.00000000099999999998 
0.73338764678130208274 0.26661235221869789003 0.00000000099999999998 
0.78707321862542067858 0.21292678037457932194 0.00000000099999999998 
0.81073500007458654260 0.18926499892541345793 0.00000000099999999998 
0.73517883326305544234 0.26482116573694453043 0.00000000099999999998 
0.72364757310736382845 0.27635242589263608881 0.00000000099999999997 
0.81549966363675130410 0.18450033536324866867 0.00000000099999999999 
0.91924210943124096129 0.08075788956875898372 0.00000000099999999998 
0.89305249600920011410 0.10694750299079983091 0.00000000099999999998 
0.84459139071823852163 0.15540860828176147890 0.00000000099999999998 
0.78521626690058543563 0.21478373209941442612 0.00000000099999999998 
0.65238302731156017078 0.34761697168843980199 0.00000000099999999998 
0.64699851155708620887 0.35300148744291370839 0.00000000099999999998 
0.71921970068520468811 0.28078029831479517364 0.00000000099999999998 
0.70830714201718347756 0.29169285698281649521 0.00000000099999999998 
0.62220247022485053456 0.37779752877514943821 0.00000000099999999998 
0.59620055305993568950 0.40379944594006422776 0.00000000099999999997 
0.59050296397037183027 0.40949703502962808699 0.00000000099999999998 
0.56002226407221800120 0.43997773492778191606 0.00000000099999999997 
0.72079892929867472873 0.27920106970132518853 0.00000000099999999998 
0.72712095080829930449 0.27287904819170061277 0.00000000099999999998 
0.85259220180134676070 0.14740779719865315656 0.00000000099999999998 
0.62221756759168089790 0.37778243140831901936 0.00000000099999999998 
0.63711575405553122486 0.36288424494446869240 0.00000000099999999998 
0.64201676613299585306 0.35798323286700400869 0.00000000099999999998 
0.66108528546619649280 0.33891471353380342446 0.00000000099999999998 
0.67446719746260153094 0.32553280153739838632 0.00000000099999999997 
0.74130441818971826162 0.25869558081028165564 0.00000000099999999998 
0.99999999800000005656 0.00000000099999999999 0.00000000099999999999 
0.90783337931951790800 0.09216661968048214804 0.00000000099999999999 
0.76030225801550310738 0.23969774098449680988 0.00000000099999999998 
0.99999999799999994554 0.00000000099999999998 0.00000000099999999998 
0.77233452565247440180 0.22766547334752565424 0.00000000099999999998 
0.70195528492255243602 0.29804471407744753675 0.00000000099999999998 
0.57462851600314834855 0.42537148299685151320 0.00000000099999999998 
0.90832108488889451436 0.09167891411110536126 0.00000000099999999998 
0.78820569298312037620 0.21179430601687948554 0.00000000099999999998 
0.72259233521422361335 0.27740766378577635942 0.00000000099999999998 
0.66867860500147235925 0.33132139399852761352 0.00000000099999999998 
0.64472055516239812345 0.35527944383760184932 0.00000000099999999998 
0.61869513929927155704 0.38130485970072836022 0.00000000099999999997 
0.61576937549561661100 0.38423062350438341728 0.00000000099999999997 
0.77904447482724914487 0.22095552417275080015 0.00000000099999999998 
0.64560874641366550186 0.35439125258633447091 0.00000000099999999997 
0.69627230146666763133 0.30372769753333223042 0.00000000099999999998 
0.77116694693126031090 0.22883305206873968962 0.00000000099999999998 
0.68515515036639929036 0.31484484863360068241 0.00000000099999999997 
0.74695424092645845704 0.25304575807354146022 0.00000000099999999998 
0.75328875733188005448 0.24671124166811994605 0.00000000099999999998 
0.71892585431631572668 0.28107414468368430160 0.00000000099999999998 
0.69603097472985264726 0.30396902427014732551 0.00000000099999999997 
0.66647056655879910458 0.33352943244120086819 0.00000000099999999997 
0.69621427654300493959 0.30378572245699508869 0.00000000099999999997 
0.75551383692924023450 0.24448616207075971052 0.00000000099999999997 
0.61088973261587098396 0.38911026638412898881 0.00000000099999999997 
0.64267066194300537241 0.35732933705699465587 0.00000000099999999998 
0.80736773053186261517 0.19263226846813730209 0.00000000100000000000 
0.70979571241102612511 0.29020428658897395868 0.00000000099999999998 
0.93798526368829748812 0.06201473531170251241 0.00000000099999999998 
0.61913225888539902275 0.38086774011460089451 0.00000000099999999997 
0.68548513620527595780 0.31451486279472407048 0.00000000099999999997 
0.70000150327655807914 0.29999849572344183812 0.00000000099999999997 
0.51243597236260429728 0.48756402663739567549 0.00000000099999999997 
0.62142029176250879186 0.37857970723749123643 0.00000000099999999997 
0.56900484928362560222 0.43099514971637431504 0.00000000099999999997 
0.65249501275487953311 0.34750498624512038415 0.00000000099999999998 
0.68919359473621477630 0.31080640426378502994 0.00000000099999999997 
0.69765185272157881347 0.30234814627842115931 0.00000000099999999998 
0.80424696782866322842 0.19575303117133668884 0.00000000099999999998 
0.83196743714380039236 0.16803256185619958041 0.00000000099999999998 
0.70543916675932860638 0.29456083224067136639 0.00000000099999999998 
0.79143077248091764364 0.20856922651908221811 0.00000000099999999998 
0.67720048312750469321 0.32279951587249516853 0.00000000099999999998 
0.47099517982827493467 0.52900481917172492707 0.00000000099999999998 
0.82082750412751326330 0.17917249487248668172 0.00000000099999999998 
0.99610251453730269677 0.00389748446269726906 0.00000000099999999999 
0.99999999800000005656 0.00000000099999999999 0.00000000099999999999 
0.99811954446574568944 0.00000000100000000000 0.00188045453425429200 
0.99380132167617785122 0.00619867732382217707 0.00000000099999999998 
0.99288801933724102344 0.00711197966275896321 0.00000000099999999999 
0.99999999799999994554 0.00000000099999999999 0.00000000099999999999 
0.96265855308458248007 0.03734144591541748576 0.00000000099999999998 
0.93147079057080461872 0.06852920842919532629 0.00000000099999999999 
0.94150430725802947141 0.05849569174197060545 0.00000000099999999999 
0.93142381342840507852 0.06857618557159488037 0.00000000099999999998 
0.95364315445658365267 0.04635684454341631316 0.00000000099999999999 
0.70950518621590596968 0.29049481278409383656 0.00000000099999999998 
0.73707602849745590401 0.26292397050254395774 0.00000000099999999997 
0.73290217038169125363 0.26709782861830871914 0.00000000099999999998 
0.64093787035006144492 0.35906212864993858336 0.00000000099999999997 
0.73220283335446445516 0.26779716564553557312 0.00000000099999999998 
0.80798407246138514992 0.19201592653861479509 0.00000000099999999998 
0.79482078965612157351 0.20517920934387839926 0.00000000099999999998 
0.72473918290284466970 0.27526081609715519205 0.00000000099999999997 
0.84759304476222330216 0.15240695423777669837 0.00000000099999999998 
0.96463474380959357557 0.03536525519040636945 0.00000000099999999999 
0.95471317303646940911 0.04528682596353070244 0.00000000099999999998 
0.98045641351357681881 0.01954358548642315396 0.00000000099999999998 
0.80104170699265431210 0.19895829200734574393 0.00000000099999999998 
0.89619512283182789503 0.10380487616817207774 0.00000000099999999998 
0.80815160253596540763 0.19184839646403456515 0.00000000099999999998 
0.83582111525592994727 0.16417888374407005325 0.00000000099999999998 
0.79552640551622244569 0.20447359348377749932 0.00000000099999999998 
0.79726394623858842792 0.20273605276141157261 0.00000000099999999998 
0.98210024627002168174 0.01789975272997827022 0.00000000099999999999 
0.99999999799999994554 0.00000000099999999998 0.00000000099999999998 
0.96966895993601298631 0.03033103906398708013 0.00000000100000000000 
