0.01361371513637775824 0.37242560724838330577 0.61396067761523898110 
0.07005969049624967415 0.04742931098437393189 0.88251099851937631069 
0.05682168156967381395 0.07279598539118269096 0.87038233303914347427 
0.00013403093304295067 0.37445487247660019792 0.62541109659035698520 
0.03275377655904163077 0.13773275468857806847 0.82951346875238030076 
0.04751404320563664546 0.13329205377042135927 0.81919390302394201608 
0.07805072352007069725 0.00197908081467286371 0.91997019566525639611 
0.06889498474845835718 0.00000000100000000000 0.93110501425154168498 
0.09683172036438256192 0.00303111052593455464 0.90013716910968288865 
0.08662799553776967532 0.00000000099999999999 0.91337200346223035297 
0.08576870613583342795 0.00000000100000000000 0.91423129286416660033 
0.04357403827541864172 0.05062897849405847278 0.90579698323052282305 
0.09914388041479764435 0.00000000100000000000 0.90085611858520242556 
0.06485315520868893679 0.03472043766141539450 0.90042640712989574503 
0.08718142502706706376 0.06125909473249412790 0.85155948024043870426 
0.03264766275698090248 0.27605623180673777295 0.69129610543628128294 
0.01899612170295455343 0.21770850015098086594 0.76329537814606451818 
0.02739191729819972013 0.11743365308761187504 0.85517442961418843606 
0.07371984544824464192 0.06549830858037967996 0.86078184597137574752 
0.09789969700058920310 0.05211133073525441028 0.84998897226415637274 
0.05356831001016707644 0.09576681162675024228 0.85066487836308268822 
0.06571076813719436971 0.15849591924965331091 0.77579331261315231938 
0.06705266154528236044 0.05481281528824250709 0.87813452316647511164 
0.08000289634578329478 0.00001546486955273822 0.91998163878466387988 
0.10317691172609917694 0.00000000100000000000 0.89682308727390080971 
0.04730624683342320863 0.06434140835381157997 0.88835234481276525997 
0.04772753724700105199 0.08957864405900896332 0.86269381869398997775 
0.02649590822680384858 0.03180947270459571347 0.94169461906860052469 
0.10518110764497635989 0.01841960774949530019 0.87639928460552840583 
0.10582679082751500488 0.01836726096032528441 0.87580594821215962398 
0.05092938605626308457 0.26243942567850020442 0.68663118826523683591 
0.00993795461440639787 0.26880970350202421093 0.72125234188356934784 
0.00656665216637095789 0.32116314100260201503 0.67227020683102700627 
0.00980048559003228979 0.34579959170724117179 0.64439992270272639097 
0.03013709245196300596 0.19100881670188793460 0.77885409084614898312 
0.00560805096948392701 0.31830584906435405168 0.67608609996616220172 
0.08407724294997644121 0.00000002828824116959 0.91592272876178237873 
0.03993723237389171232 0.26612992376913952031 0.69393284385696873962 
0.00000000099999999999 0.43870727113235824524 0.56129272786764161651 
0.00000000099999999999 0.35269628147021830911 0.64730371752978155264 
0.01154397540707985392 0.28197647980204537665 0.70647954479087471391 
0.00477116675807784298 0.33024228793334908794 0.66498654530857315148 
0.01460415382036509523 0.16077852433579187252 0.82461732184384317623 
0.00000000100000000000 0.32648528785061553537 0.67351471114938443741 
0.00000000099999999999 0.34999132036420060876 0.65000867863579947503 
0.05894674144378742042 0.11585697771695938063 0.82519628083925333772 
0.18453831117479405077 0.02563588960922979013 0.78982579921597617645 
0.09234599412212059211 0.00000000099999999999 0.90765400487787939454 
0.06593513254743893492 0.04446544024173137988 0.88959942721082974071 
0.06084143063006881846 0.06365680651259998657 0.87550176285733116721 
0.06131614856054547896 0.03052351651097052684 0.90816033492848402542 
0.03452615821999303197 0.13488936969922310505 0.83058447208078378665 
0.06096534320076367475 0.13417383608298291686 0.80486082071625342227 
0.04523267010798739940 0.12485907528230626162 0.82990825460970629734 
0.00000000099999999999 0.36677959699439721675 0.63322040200560281153 
0.00000000099999999999 0.42156192522709695636 0.57843807377290301641 
0.00000000099999999999 0.36344088485153575041 0.63655911414846411134 
0.05917829485059277611 0.07095943366045881495 0.86986227148894845751 
0.00000000099999999999 0.37217151735406417412 0.62782848164593574314 
0.02605595440594922832 0.22861180964155450313 0.74533223595249620264 
0.00000000099999999999 0.46391559037717383651 0.53608440862282602524 
0.00615141253791729771 0.25547633362845156846 0.73837225383363125353 
0.02544193695608674630 0.24282587063531488325 0.73173219240859821433 
0.02604998053446410874 0.30633941650000512391 0.66761060296553076387 
0.00000000100000000000 0.28990478417013143542 0.71009521482986848184 
0.00000000099999999999 0.35224204645901729949 0.64775795254098256226 
0.00619500664495586592 0.20772430721565118827 0.78608068613939297009 
0.01299568627545627693 0.24522279766259824640 0.74178151606194553391 
0.00469467939743730810 0.23903741324636096355 0.75626790735620175177 
0.00000000100000000000 0.28925517678774226304 0.71074482221225776524 
0.04798474926502143550 0.13737141300815353118 0.81464383772682513740 
0.00024366181029337284 0.36585541183351122374 0.63390092635619543771 
0.00000000099999999999 0.44692106360162281442 0.55307893539837715835 
0.00000000100000000000 0.34407393686463294546 0.65592606213536708282 
0.00869811893099555269 0.24827348366607884800 0.74302839740292569992 
0.00000000099999999999 0.41166010915624584587 0.58833988984375407139 
0.00000000100000000000 0.35424207138597929578 0.64575792761402062148 
0.01406421316685765692 0.28251370816548510012 0.70342207866765738000 
0.00696358133203026260 0.27174805076574842788 0.72128836790222139452 
0.01234870052714841585 0.20282255451566780224 0.78482874495718368824 
0.08095025528060068032 0.00000000099999999999 0.91904974371939940347 
0.05865714560664047478 0.18004314108708521780 0.76129971330627443926 
0.00467738219980551057 0.23429919375430560691 0.76102342404588896319 
0.11029155186504199793 0.08077137341228024514 0.80893707472267772918 
0.11477495434955790887 0.03674900793102692242 0.84847603771941526585 
0.07330105516996435200 0.13114534855202267249 0.79555359627801292000 
0.00000000100000000000 0.26897859690549585920 0.73102140209450416908 
0.00353248436570721821 0.33541607112082427733 0.66105144451346864454 
0.05222689377709581471 0.13595683123028856620 0.81181627499261554970 
0.04036754200061211384 0.25099938194403820235 0.70863307605534964217 
0.00000000100000000000 0.38931404037446026845 0.61068595862553987086 
0.04579358730779443248 0.15692702558767651633 0.79727938710452894711 
0.04331308081470645888 0.14161671943160317189 0.81507019975369043863 
0.00000000099999999999 0.30297489551734402280 0.69702510348265600548 
0.00000000100000000000 0.35930120525770364859 0.64069879374229621316 
0.00844134214266031163 0.30763408019713811559 0.68392457766020164911 
0.01578243928555475920 0.27482898508730146947 0.70938857562714385807 
0.00000000099999999999 0.34882494353849979873 0.65117505546150022955 
0.00000000099999999999 0.34480200666613713967 0.65519799233386288861 
0.00000000099999999999 0.51151865857379219538 0.48848134042620766637 
0.00000000099999999999 0.42171269046595533103 0.57828730853404464174 
0.00000000099999999999 0.38020246886018405075 0.61979753013981586651 
0.02996268126744114357 0.16933116791752259034 0.80070615081503637711 
0.03255532570380933327 0.22343363295825061088 0.74401104133794015993 
0.00663504931697839629 0.24808877712636692725 0.74527617355665454202 
0.00000000100000000000 0.42503898623311447968 0.57496101276688549309 
0.04618743079337388896 0.15791719278062710252 0.79589537642599894607 
0.05889194779767157467 0.27371622376885057504 0.66739182843347766294 
0.03108627379524662310 0.10597554547837147176 0.86293818072638184269 
0.01734919821294352710 0.23059147108720329244 0.75205933069985320127 
0.00000000272704749598 0.20936101699582987390 0.79063898027712276040 
0.00076035476044242233 0.30652815041556485953 0.69271149482399274611 
0.10172415411292543008 0.21834785816952426152 0.67992798771755025289 
0.00701504691968478714 0.29939300465632068260 0.69359194842399440883 
0.00000000099999999999 0.39551816134417694393 0.60448183765582308435 
0.03017338538737499021 0.26629619084132266638 0.70353042377130237117 
0.04717139640272888235 0.11679950759307711206 0.83602909600419417213 
0.08012536843997410119 0.04553723497193958025 0.87433739658808629081 
0.00964486252712219022 0.24219194495256884947 0.74816319252030905051 
0.00009788477644934399 0.29381338625213809790 0.70608872897141250480 
0.03362305261140508678 0.16796237120591597791 0.79841457618267885898 
0.00326952688914532901 0.21477354907017548458 0.78195692404067906889 
0.01367909289984846691 0.22251332486145883327 0.76380758223869271717 
0.01820950362192833710 0.22243031186590853099 0.75936018451216313885 
0.02800555615834719736 0.26329342971259117601 0.70870101412906161276 
0.00000000099999999999 0.32741147940856252241 0.67258851959143739485 
0.16736913274162462661 0.00000000099999999999 0.83263086625837545718 
0.09083140024428165704 0.00000000099999999999 0.90916859875571842675 
0.07538546940010014408 0.00000000100000000000 0.92461452959989987033 
0.09349177739764823192 0.00000000100000000000 0.90650822160235189351 
0.04154663573860883224 0.11487191890943208861 0.84358144535195900282 
0.00292044989585144282 0.22464276080658662771 0.77243678929756198759 
0.00000088891492909967 0.32987571647092145399 0.67012339461414960340 
0.02093905576546576872 0.18193955336313033522 0.79712139087140398974 
0.00000000099999999999 0.35568531403415404313 0.64431468496584598515 
0.01322258485085284728 0.34566520313914350648 0.64111221201000367920 
0.00000000100000000000 0.36793908379087753024 0.63206091520912255355 
0.04241886920074650763 0.12072686465358486996 0.83685426614566860160 
0.00000000099999999999 0.30758686512846139527 0.69241313387153857750 
0.01784711377114528083 0.22267262196889806014 0.75948026425995662780 
0.00000000099999999999 0.34844389223541694101 0.65155610676458297625 
0.00902639850431322978 0.22154034710281142462 0.76943325439287535428 
0.00000000099999999999 0.43535224259105426148 0.56464775640894571129 
0.00000000099999999999 0.45833901534480886442 0.54166098365519121938 
0.00000000099999999999 0.48842723324637660198 0.51157276575362342630 
0.00000000100000000000 0.31933565657762574830 0.68066434242237416896 
0.00000000099999999999 0.62232625991745416094 0.37767373908254586734 
0.00000000100000000000 0.28879397493257014107 0.71120602406742972068 
0.03898777839196537059 0.19093968127896243647 0.77007254032907224151 
0.03950515389205210698 0.15981813252551671511 0.80067671358243130975 
0.00000000100000000000 0.38613201760728527168 0.61386798139271470109 
0.00000000100000000000 0.30971878597362700880 0.69028121302637290846 
0.03551389771004639234 0.24904646426015697447 0.71543963802979648747 
0.03165484664384821817 0.19000791668895913866 0.77833723666719256684 
0.03879933571077710808 0.14500137261770479347 0.81619929167151816785 
0.00000000100000000000 0.35937070723035835496 0.64062929176964156230 
0.00000000099999999999 0.35511834615739240606 0.64488165284260756671 
0.00000000099999999999 0.34987881420885202921 0.65012118479114799907 
0.00096778011424217833 0.25466278216700738435 0.74436943771875052622 
0.02228039384903875500 0.19515670910217908229 0.78256289704878223557 
0.17038075567715826875 0.02212015813809839818 0.80749908618474330879 
0.05761651045126443826 0.01081776007868310956 0.93156572947005233942 
0.18732530268844885257 0.00034587398293248385 0.81232882332861866548 
0.01354896093544458689 0.19148894735533078526 0.79496209170922460530 
0.03478247603030205221 0.11546704421842662880 0.84975047975127138145 
0.00000000099999999999 0.33504317809327427424 0.66495682090672558751 
0.00000000100000000000 0.27220663140665696256 0.72779336759334312124 
0.00000000100000000000 0.31145982147301182197 0.68854017752698815080 
0.00000000100000000000 0.17844582307678588662 0.82155417592321422493 
0.00000000099999999999 0.27532043348844392749 0.72467956551155598977 
0.00000000100000000000 0.25812986874175591900 0.74187013025824410928 
0.00000000099999999999 0.38034437845660151734 0.61965562054339862197 
0.00000000099999999999 0.31294520074450798974 0.68705479825549198303 
0.00000000099999999999 0.33577079910878576685 0.66422919989121409490 
0.00000000099999999999 0.51756577043431406526 0.48243422856568596302 
0.00139998026719835448 0.31101170352481088965 0.68758831620799065742 
0.09503147490189668700 0.01786382084640149651 0.88710470425170173669 
0.07540919888682051653 0.00000000100000000000 0.92459080011317951175 
0.07822691623964470042 0.00000000099999999999 0.92177308276035530010 
0.09348103300002090499 0.00000000100000000000 0.90651896599997905390 
0.00106134520026075177 0.20998761603748361537 0.78895103876225569639 
0.07986245988480600300 0.00000000100000000000 0.92013753911519413631 
0.09237890958378770778 0.00000000100000000000 0.90762108941621244540 
0.07023008737278868541 0.01546709845654055393 0.91430281417067071903 
0.00000000100000000000 0.26992995775846934103 0.73007004124153052071 
0.06912301250185416690 0.07703182763956047119 0.85384515985858533416 
0.02451079983082330924 0.18407618242583931312 0.79141301774333727703 
0.00000000100000000000 0.31812583911671127312 0.68187415988328858862 
0.00000000099999999999 0.26034457284128553756 0.73965542615871449073 
0.03485679997002020386 0.16290521787926937058 0.80223798215071040474 
0.00000020685195966540 0.20794250978481967906 0.79205728336322067662 
0.00000000100000000000 0.27348469958497850785 0.72651529941502146492 
0.05967345519941499171 0.10897710609602408172 0.83134943870456079473 
0.05119154775728165796 0.02507740428544986966 0.92373104795726845850 
0.10226653449714813437 0.00000000099999999999 0.89773346450285185227 
0.06004563841604860369 0.02270291851566630381 0.91725144306828509944 
0.10366812891455372270 0.01847494553707124468 0.87785692554837502222 
0.07118624782171958931 0.07282989011200820262 0.85598386206627230521 
0.04784528532396103290 0.00000000100000000000 0.95215471367603898845 
0.07292737844316198037 0.02008932274573238530 0.90698329881110550943 
0.00000000099999999999 0.38246737845752909468 0.61753262054247093360 
0.00000000100000000000 0.35600197214744006002 0.64399802685256002377 
0.02194367607990862709 0.14399853420635175261 0.83405778971373967234 
0.00000000099999999999 0.25059296700775157696 0.74940703199224834030 
0.01335456596490532458 0.26491594384800998263 0.72172949018708476565 
0.03606449628314200434 0.13147307255914600366 0.83246243115771212384 
0.00000000099999999999 0.35677302379364495000 0.64322697520635496726 
0.02264479730434133462 0.19749858446050588823 0.77985661823515284308 
0.00714375500932246891 0.31880794785382338130 0.67404829713685421311 
0.02969700289296101081 0.20746364454649410258 0.76283935256054491436 
0.01915254135523271686 0.14940739055694662873 0.83144006808782067175 
0.00000000100000000000 0.31830320536191397673 0.68169679363808599604 
0.02015976136566834456 0.20272064638840120443 0.77711959224593041284 
0.00000000100000000000 0.28915319814307904878 0.71084680085692086848 
0.00000000100000000000 0.40931678044050084919 0.59068321855949901256 
0.00000000099999999999 0.32436145472998334505 0.67563854427001657221 
0.01715948351225793714 0.22019053458915238686 0.76264998189858956845 
0.11036308656805965400 0.05535522271437456898 0.83428169071756574926 
0.00000000100000000000 0.29478062253224629474 0.70521937646775367803 
0.00000003348125286174 0.25295650381719259059 0.74704346270155441712 
0.03593392445040791139 0.15027484277916683397 0.81379123277042519913 
0.00643945730206386003 0.25488518669991205856 0.73867535599802403024 
0.03737062592298661529 0.22900030964118336940 0.73362906443582998062 
0.01298028030899829599 0.28104311115250146802 0.70597660853850019436 
0.00000000099999999999 0.27015162919806534614 0.72984836980193457112 
0.02635323495221487261 0.13974239567621868363 0.83390436937156631192 
0.04213576008479295865 0.14946110001147913660 0.80840313990372780761 
0.00981609858250533616 0.27372748381221995162 0.71645641760527467579 
0.00514068022242137983 0.21568193373620583864 0.77917738604137287695 
0.05833778651619506844 0.03158973283389048675 0.91007248064991441705 
0.00000000099999999999 0.35525167954180814078 0.64474831945819188750 
0.00000000100000000000 0.34648795283031652570 0.65351204616968350258 
0.00000000099999999999 0.30351098261538322909 0.69648901638461668817 
0.00000000099999999999 0.39392174960537440498 0.60607824939462551228 
0.00000000099999999999 0.27228291564968992722 0.72771708335030993453 
0.00000000099999999999 0.29981669235895291870 0.70018330664104699856 
0.00000000100000000000 0.30974107548165891179 0.69025892351834106098 
0.00000001730449797128 0.28956482628019186709 0.71043515641531018723 
0.00000000099999999999 0.34789710687887981377 0.65210289212112027002 
0.00000000099999999999 0.46879953477139790774 0.53120046422860212054 
0.00000000100000000000 0.28119362190141783397 0.71880637709858219431 
0.00642889715013702200 0.24696396536193782056 0.74660713748792517652 
0.01780313506492590264 0.17468910734088491377 0.80750775759418913502 
0.00000000099999999999 0.57918710512281490477 0.42081289387718517903 
0.00000000099999999999 0.30621455428634308804 0.69378544471365688473 
0.00000000099999999999 0.38786480618277541232 0.61213519281722461596 
0.00000000099999999999 0.37014093332753372767 0.62985906567246630061 
0.00000000099999999999 0.35118134282150414993 0.64881865617849576733 
0.00000000099999999999 0.33049595974562923084 0.66950403925437085295 
0.00000000099999999999 0.22919875631381553260 0.77080124268618455119 
0.00000000099999999999 0.34615453840788518169 0.65384546059211490210 
0.00000000099999999999 0.30892588031254408776 0.69107411868745605155 
0.00000000100000000000 0.32377816761205607810 0.67622183138794389468 
0.00000000099999999999 0.30804615071599800169 0.69195384828400197108 
0.00000000099999999999 0.39521630012659442199 0.60478369887340543976 
0.05331048958187386416 0.08146491336177935638 0.86522459705634668925 
0.04212977328727490756 0.08935183319566375459 0.86851839351706139336 
0.01105795941536187252 0.16952480792253854514 0.81941723266209964827 
0.00000000100000000000 0.24394238613639074309 0.75605761286360917417 
0.06670328959121825385 0.12080800495622812107 0.81248870545255369446 
0.05653626415523618776 0.01588437545524010522 0.92757936038952359947 
0.06569098162026902610 0.03237161022441897157 0.90193740815531198152 
0.00987167211164066520 0.13665880946283839870 0.85346951842552087886 
0.01415096772718713210 0.25179928663000633593 0.73404974564280645044 
0.05079688974510124938 0.15568837644126884423 0.79351473381362991333 
0.01391914524493786248 0.11934804507452294320 0.86673280968053922901 
0.00000000100000000000 0.23119942365812926055 0.76880057534187073998 
0.00000000099999999999 0.33766670699471917905 0.66233329200528090475 
0.00000000099999999999 0.30890746959172232788 0.69109252940827770040 
0.01622515075586292155 0.20586430834457933314 0.77791054089955780082 
0.00000000100000000000 0.23461520474535693670 0.76538479425464289729 
0.00749249389458959969 0.28630368163415409466 0.70620382447125618075 
0.01445281241031552526 0.14281962844254444955 0.84272755914714003733 
0.00000000099999999999 0.35875159524959659985 0.64124840375040337292 
0.00000000099999999999 0.44153059164422453486 0.55846940735577543791 
0.00000000099999999999 0.48973057047343149240 0.51026942852656853589 
0.00000000099999999999 0.47253087879257582582 0.52746912020742409144 
0.00000000099999999999 0.40964669399264169725 0.59035330500735827552 
0.00000000099999999999 0.45612943533520572403 0.54387056366479435976 
0.00000000099999999999 0.32021685919331088765 0.67978313980668902961 
0.00000000099999999999 0.32164397935488664437 0.67835601964511327289 
0.02899774416454373172 0.18632743413953073430 0.78467482169592550623 
0.01522209944325049989 0.16661108081118672364 0.81816681974556271228 
0.04459128032189717261 0.07531429072352674448 0.88009442895457612455 
0.03548255336593097303 0.21171868534682344865 0.75279876128724543261 
0.04776107047693816526 0.11046633535326019770 0.84177259416980165785 
0.03610908163985170755 0.16306673738910873461 0.80082418097103957866 
0.02034396396357373779 0.15696489840118052483 0.82269113763524570615 
0.03623109020166875166 0.08681207987774135215 0.87695682992058998639 
0.00000000100000000000 0.25724023689920644253 0.74275976210079364126 
0.01272723157949351425 0.16606237830414333212 0.82121039011636309812 
0.06433709741544464678 0.02895367379182278364 0.90670922879273263550 
0.04305694722013626852 0.06370152002774037703 0.89324153275212336833 
0.00000000099999999999 0.28489196706759045696 0.71510803193240946030 
0.00000000099999999999 0.50261930044109892624 0.49738069855890104654 
0.02433266883862834559 0.23204519179718138822 0.74362213936419030436 
0.00000000100000000000 0.34945874820993116927 0.65054125079006885901 
0.00000000100000000000 0.23073234513742094109 0.76926765386257911494 
0.04816567377971450736 0.10603643163220924373 0.84579789458807630442 
0.02489108163498058093 0.19286308690543585431 0.78224583145958359598 
0.05505394927036649094 0.01493292003779034781 0.93001313069184310400 
0.04128811168885514193 0.02327335226537225604 0.93543853604577265060 
0.03283065376903134686 0.05415152214614016996 0.91301782408482845543 
0.05601995009256598157 0.01710010698572455093 0.92687994292170938770 
0.02767362546369289689 0.11375108068814540618 0.85857529384816166917 
0.00000000099999999999 0.35045242356401590245 0.64954757543598418135 
0.02974592470941769817 0.14257567772592386057 0.82767839756465844125 
0.00000000099999999999 0.33198338408682032119 0.66801661491317954056 
0.00000000099999999999 0.37957120603236232936 0.62042879296763775443 
0.01612971044763540640 0.12149985133222976352 0.86237043822013470518 
0.00000000099999999999 0.31460661073704920820 0.68539338826295070906 
0.00000000100000000000 0.25193265975975565052 0.74806733924024426674 
0.00000000099999999999 0.41217691378035736793 0.58782308521964277137 
0.01569833530096156546 0.22217398270614041600 0.76212768199289793181 
0.09605906031638500320 0.00000000100000000000 0.90394093868361491406 
0.07398580667240563236 0.00005213869141386872 0.92596205463618064258 
0.01372131761534546926 0.24927158938671722943 0.73700709299793720763 
0.00432265320778646954 0.19628912737271048128 0.79938821941950299887 
0.02488984171547829055 0.09661439938250500348 0.87849575890201681005 
0.06142861745846470156 0.03763415305892651302 0.90093722948260868133 
0.01898842589064380151 0.23170659423808059874 0.74930497987127564485 
0.09175179691582502350 0.00000000099999999999 0.90824820208417489376 
0.04117732380846041151 0.07316284119230345717 0.88565983499923606193 
0.03112109864331262868 0.18316930148868643125 0.78570959986800092967 
0.00003509494921667512 0.32708568751154404319 0.67287921753923918278 
0.00044298263945780780 0.22277021911639635632 0.77678679824414575972 
0.03189613007556301588 0.21169103055339960617 0.75641283937103731549 
0.00000000100000000000 0.28755509600928830238 0.71244490299071150385 
0.00000000099999999999 0.28094800859442098373 0.71905199040557898904 
0.06163068150394877126 0.14386690814149857842 0.79450241035455271277 
0.00000000100000000000 0.31824347121232532398 0.68175652778767459328 
0.02884752944345057510 0.09904875007599507619 0.87210372048055428973 
0.00000000099999999999 0.29427812410005282917 0.70572187489994708809 
0.06544903610352979795 0.07026766298584680159 0.86428330091062344209 
0.05671160338359208797 0.15359303721187311798 0.78969535940453472467 
0.05710058779720885574 0.06687597562349839597 0.87602343657929271359 
0.01461716590135509267 0.21977139864399100611 0.76561143545465393245 
0.00000000100000000000 0.27825938706699626657 0.72174061193300365069 
0.01892762289516701849 0.10780014312140985544 0.87327223398342324057 
0.00000000100000000000 0.24348382102376511793 0.75651617797623493811 
0.00000000099999999999 0.36273818441151156611 0.63726181458848840666 
0.00025323055568986279 0.25037475780893830857 0.74937201163537170423 
0.00000000099999999999 0.39437073661874622044 0.60562926238125358580 
0.00000000100000000000 0.29635735260273132763 0.70364264639726870065 
0.00000000099999999999 0.40872200684023984874 0.59127799215976029057 
0.01322968727192986443 0.22044593988161609310 0.76632437284645416042 
0.00548509822642070238 0.14525419446200257823 0.84926070731157676796 
0.02224699272199720176 0.21897662516579866065 0.75877638211220410636 
0.00851375716286390666 0.11052077221177913913 0.88096547062535690564 
0.01746142520669844572 0.15085098330609936212 0.83168759148720217134 
0.07125845437896649592 0.02798798993610786615 0.90075355568492565528 
0.00715547460087922853 0.21441989823514884250 0.77842462716397187172 
0.02880138485767024664 0.09002385945685618951 0.88117475568547354303 
0.00000000100000000000 0.20104919538371862631 0.79895080361628123544 
0.04730201695711457738 0.08358701120181542821 0.86911097184106989033 
0.00000000099999999999 0.20863137825455627117 0.79136862074544367385 
0.01968764542302837289 0.19059024753117495554 0.78972210704579659524 
0.04602001949502698697 0.01464785102496236197 0.93933212948001054698 
0.02347901038998760972 0.22019938784318326963 0.75632160176682916575 
0.00000000100000000000 0.29804302809031418819 0.70195697090968578458 
0.01805534937440009258 0.19962241003292499619 0.78232224059267496674 
0.00052031971166632417 0.24738867358569086030 0.75209100670264283917 
0.04113371765525456608 0.14282449238941810621 0.81604178995532727914 
0.02211802412480219637 0.10809528581021692062 0.86978669006498088301 
0.00031682736448813297 0.30163501741130027689 0.69804815522421170826 
0.08274384543699195294 0.00879412215459759831 0.90846203240841039150 
0.04405188505568956303 0.07699086436757186791 0.87895725057673856906 
0.05762677369098036240 0.06190043623339169798 0.88047279007562784248 
0.06085454933793422311 0.05798111603896610039 0.88116433462309973201 
0.01638066799761804873 0.20839958371772362988 0.77521974828465833873 
0.00000000099999999999 0.32591471879439054549 0.67408528020560942728 
0.04265104678343731998 0.10303698766801275277 0.85431196554854993419 
0.00000000099999999999 0.39082482189445144627 0.60917517710554847099 
0.00000000100000000000 0.23696329763849866001 0.76303670136150136827 
0.03625863565186780713 0.15995034422365697613 0.80379102012447523062 
0.01866068208298981776 0.24502933280751817979 0.73630998510949197122 
0.00649749860845286707 0.17245113640601089644 0.82105136498553632496 
0.00000000099999999999 0.43448113542936578346 0.56551886357063407829 
0.00000000100000000000 0.42437165835567441929 0.57562834064432555348 
0.00000000099999999999 0.53960541688295093898 0.46039458211704920032 
0.00000000099999999999 0.36755516378921843090 0.63244483521078143085 
0.00000000099999999999 0.53933887143717884616 0.46066112756282118212 
0.00000000099999999999 0.53076717508823245684 0.46923282391176751593 
0.00000000099999999999 0.43471616757793457575 0.56528383142206528600 
0.03303463794018404037 0.14060350951578159950 0.82636185254403426992 
0.00907046093525860041 0.19945413741502920901 0.79147540164971219578 
0.05208459735299589277 0.01567619845216227867 0.93223920419484174182 
0.03211994680650782918 0.07412062605695232675 0.89375942713653988569 
0.00000000100000000000 0.23043111141978814271 0.76956888758021191332 
0.00658291632587585263 0.25397346516202584654 0.73944361851209816638 
0.06750372181103027336 0.03372992996821766454 0.89876634822075218700 
0.01637975554425531374 0.15198604759082584570 0.83163419686491890648 
0.03470315888614260852 0.05446128893470682936 0.91083555217915046498 
0.02771100953057481150 0.27220432421993712158 0.70008466624948806345 
0.08935793516055086372 0.00000000099999999998 0.91064206383944901191 
0.06596856761681646475 0.00000047941974433340 0.93403095296343907616 
0.05483709076099656937 0.00000000099999999999 0.94516290823900350748 
0.06877047483447290555 0.02250839645307918177 0.90872112871244803411 
0.06799064125681227033 0.06683255999534475078 0.86517679874784292338 
0.00829642381509507199 0.20806355048286634402 0.78364002570203850073 
0.05342711989649257670 0.10484115970610716206 0.84173172039740018491 
0.05269752422661700547 0.03900246778413100912 0.90830000798925192296 
0.05422272889671724688 0.02016592316108565749 0.92561134794219701583 
0.00000000100000000000 0.17410986722870958054 0.82589013177129055876 
0.05337061490067997183 0.09352396666970742845 0.85310541842961251646 
0.00454733741928488484 0.26498291399920198552 0.73046974858151325627 
0.00000000100000000000 0.35255060857535064356 0.64744939042464944023 
0.00329263088634505676 0.18162652520667238454 0.81508084390698265498 
0.01495069785262142896 0.24928841628992134960 0.73576088585745724746 
0.00540365733633594268 0.17116072514476832200 0.82343561751889582379 
0.02744520706513095543 0.07827247789880283080 0.89428231503606625541 
0.00000000099999999999 0.40186642112921133752 0.59813357787078857974 
0.00000000099999999999 0.28230519809799775599 0.71769480090200210576 
0.00000000099999999999 0.36639325996853183698 0.63360673903146824681 
0.00000000100000000000 0.34372796696609908551 0.65627203203390072073 
0.74126012038335153953 0.25873987861664848875 0.00000000099999999998 
0.70282963228675965350 0.29717036671324031927 0.00000000099999999997 
0.63884897778373128663 0.36115102121626851961 0.00000000099999999997 
0.59704799151806908775 0.40295200748193094054 0.00000000099999999997 
0.66411394990495031809 0.33588604909504971019 0.00000000099999999997 
0.66478152790180744525 0.33521847109819258304 0.00000000099999999997 
0.58432456007575239720 0.41567543892424752006 0.00000000099999999997 
0.69327128997378273390 0.30672870902621729439 0.00000000099999999997 
0.75336198212631078075 0.24663801687368910875 0.00000000099999999997 
0.83281157983794174005 0.16718841916205817721 0.00000000099999999998 
0.74704873754910583461 0.25295126145089419367 0.00000000099999999998 
0.67460659828915892078 0.32539340071084094097 0.00000000099999999998 
0.74232464506861139952 0.25767535393138846223 0.00000000099999999997 
0.76646755630012719518 0.23353244269987263881 0.00000000099999999997 
0.80275208285407362307 0.19724791614592623867 0.00000000099999999998 
0.65943433774296722483 0.34056566125703274794 0.00000000099999999997 
0.80857721320288944433 0.19142278579711050068 0.00000000099999999998 
0.99999999800000005656 0.00000000099999999999 0.00000000099999999999 
0.99616009267474725508 0.00000000100000000000 0.00383990632525275715 
0.95011448371781703770 0.04988551528218290732 0.00000000099999999998 
0.76076991920877423681 0.23923007979122570821 0.00000000099999999998 
0.72131071926008227813 0.27868927973991769464 0.00000000099999999997 
0.59390337937158232950 0.40609661962841764327 0.00000000099999999997 
0.51991294112459818244 0.48008705787540179033 0.00000000099999999997 
0.56732018193825151098 0.43267981706174835077 0.00000000099999999997 
0.78467248792453769823 0.21532751107546230229 0.00000000099999999998 
0.59870414931018112181 0.40129584968981868442 0.00000000099999999997 
0.59824725714981819014 0.40175274185018189366 0.00000000099999999998 
0.95244782490090196259 0.04755217409909805876 0.00000000099999999999 
0.90608355406926521791 0.09391644493073481037 0.00000000099999999998 
0.99999999799999994554 0.00000000099999999999 0.00000000099999999999 
0.95433510052208780916 0.04566489847791214973 0.00000000099999999999 
0.65311208583315460974 0.34688791316684525201 0.00000000099999999998 
0.82189089942859960836 0.17810909957140025339 0.00000000099999999997 
0.81576711551854574900 0.18423288348145425153 0.00000000099999999997 
0.92926910215453961683 0.07073089684546038369 0.00000000099999999997 
0.76497976235261833100 0.23502023664738161401 0.00000000099999999998 
0.70875015974248523065 0.29124983925751474212 0.00000000099999999998 
0.78902765285356912806 0.21097234614643087247 0.00000000099999999998 
0.63037454555465810557 0.36962545344534192271 0.00000000099999999997 
0.72812373666308360942 0.27187626233691630784 0.00000000099999999997 
0.58749447248179342829 0.41250552651820648897 0.00000000099999999997 
0.77633448169279029027 0.22366551730720973801 0.00000000099999999997 
0.64951124478931132611 0.35048875421068875768 0.00000000099999999997 
0.85504540061041756083 0.14495459838958230092 0.00000000099999999998 
0.85501719268425990794 0.14498280631574000932 0.00000000099999999998 
0.88431854216850236394 0.11568145683149747005 0.00000000099999999998 
0.79774162855979879883 0.20225837044020106292 0.00000000099999999998 
0.89399354400662067732 0.10600645499337919830 0.00000000099999999998 
0.82801094532899510714 0.17198905367100489339 0.00000000099999999998 
0.73257629490230058433 0.26742370409769938844 0.00000000099999999998 
0.78629811497112933605 0.21370188402887060897 0.00000000099999999998 
0.80993100349032209895 0.19006899550967770729 0.00000000099999999998 
0.73439617237683008089 0.26560382662316989189 0.00000000099999999998 
0.72255221167564753770 0.27744778732435249058 0.00000000099999999997 
0.81488808113363908614 0.18511191786636088663 0.00000000099999999999 
0.91857002276906396521 0.08142997623093596593 0.00000000099999999998 
0.89229592193973916725 0.10770407706026077777 0.00000000099999999998 
0.84381926703086906905 0.15618073196913095924 0.00000000099999999998 
0.78363907033290691739 0.21636092866709308313 0.00000000099999999998 
0.65151344029984115114 0.34848655870015876612 0.00000000099999999998 
0.64612481963544832197 0.35387517936455170631 0.00000000099999999998 
0.71805104225012550412 0.28194895674987441314 0.00000000099999999998 
0.70744871284920674004 0.29255128615079312171 0.00000000099999999998 
0.62131242234109884670 0.37868757665890107056 0.00000000099999999998 
0.59533979219926813631 0.40466020680073178095 0.00000000099999999997 
0.58961889870109263079 0.41038110029890717545 0.00000000099999999998 
0.55910220263554355480 0.44089779636445636246 0.00000000099999999997 
0.71999445101097137023 0.28000554798902860254 0.00000000099999999998 
0.72634829622882690625 0.27365170277117301101 0.00000000099999999998 
0.85186044458618337405 0.14813955441381670974 0.00000000099999999998 
0.62136292148233940313 0.37863707751766051413 0.00000000099999999998 
0.63622798466274543827 0.36377201433725447899 0.00000000099999999998 
0.64113588866993631576 0.35886411033006360149 0.00000000099999999998 
0.66024876368969986906 0.33975123531030015922 0.00000000099999999998 
0.67358879502338087075 0.32641120397661904651 0.00000000099999999997 
0.74054347306991641364 0.25945652593008355913 0.00000000099999999998 
0.99999999799999994554 0.00000000099999999999 0.00000000099999999999 
0.90722441289539823561 0.09277558610460177879 0.00000000099999999999 
0.75887691678846169729 0.24112308221153838650 0.00000000099999999998 
0.99999999799999994554 0.00000000099999999998 0.00000000099999999998 
0.77126906965184705012 0.22873092934815295041 0.00000000099999999998 
0.70113409279065297408 0.29886590620934699869 0.00000000099999999998 
0.57376747170007769139 0.42623252729992217036 0.00000000099999999998 
0.90759132431477851366 0.09240867468522150074 0.00000000099999999998 
0.78746110670531621611 0.21253889229468378441 0.00000000099999999998 
0.72183406400626803912 0.27816593499373198917 0.00000000099999999998 
0.66787058695891010629 0.33212941204108981097 0.00000000099999999998 
0.64386857286298126990 0.35613142613701864736 0.00000000099999999998 
0.61780495427797432750 0.38219504472202558976 0.00000000099999999997 
0.61489053965563278403 0.38510945934436718874 0.00000000099999999997 
0.77798989191895995265 0.22201010708104002012 0.00000000099999999998 
0.64470414534917175331 0.35529585365082821946 0.00000000099999999997 
0.69547700467832529458 0.30452299432167462268 0.00000000099999999998 
0.77022922993481257592 0.22977076906518734134 0.00000000099999999998 
0.68431786082144407946 0.31568213817855578229 0.00000000099999999997 
0.74617138554347739454 0.25382861345652252272 0.00000000099999999998 
0.75210615962204752094 0.24789383937795234081 0.00000000099999999998 
0.71791413724632124893 0.28208586175367872384 0.00000000099999999998 
0.69519187324554287954 0.30480812575445714874 0.00000000099999999997 
0.66570432269071200260 0.33429567630928791466 0.00000000099999999997 
0.69534031830822895515 0.30465968069177090660 0.00000000099999999997 
0.75470984804362195586 0.24529015095637807242 0.00000000099999999997 
0.60999877731453433505 0.39000122168546552670 0.00000000099999999997 
0.64183754580771656961 0.35816245319228340316 0.00000000099999999998 
0.80666334960711461033 0.19333664939288536244 0.00000000100000000000 
0.70901855384594880682 0.29098144515405111044 0.00000000099999999998 
0.93734571289966983620 0.06265428610033017820 0.00000000099999999998 
0.61821702541459866431 0.38178297358540125295 0.00000000099999999997 
0.68464504067927245412 0.31535495832072746314 0.00000000099999999997 
0.69916907952576590191 0.30083091947423395984 0.00000000099999999997 
0.51141679604044509855 0.48858320295955481871 0.00000000099999999997 
0.62053992735983098950 0.37946007164016892776 0.00000000099999999997 
0.56805082407285323320 0.43194917492714662854 0.00000000099999999997 
0.65163762090764676405 0.34836237809235315321 0.00000000099999999998 
0.68826825265436708534 0.31173174634563288743 0.00000000099999999997 
0.69684765214162947000 0.30315234685837050277 0.00000000099999999998 
0.80348868193993727704 0.19651131706006269573 0.00000000099999999998 
0.83121795674976250989 0.16878204225023746288 0.00000000099999999998 
0.70469262106494889863 0.29530737793505107414 0.00000000099999999998 
0.79086155237780597638 0.20913844662219402415 0.00000000099999999998 
0.67638401183629215385 0.32361598716370781892 0.00000000099999999998 
0.47001731506349758716 0.52998268393650238561 0.00000000099999999998 
0.82009480105732124322 0.17990519794267878506 0.00000000099999999998 
0.99900660634749760547 0.00099339265250246596 0.00000000099999999999 
0.99999999799999994554 0.00000000099999999999 0.00000000099999999999 
0.99822603188396319407 0.00000000100000000000 0.00177396711603685763 
0.99527174718075728244 0.00472825181924267819 0.00000000099999999998 
0.99443168374174240043 0.00556831525825758188 0.00000000099999999999 
0.99999999800000005656 0.00000000099999999999 0.00000000099999999999 
0.96196304745053995422 0.03803695154946006018 0.00000000099999999998 
0.93079905023142395226 0.06920094876857613153 0.00000000099999999999 
0.94084096831030805674 0.05915903068969199929 0.00000000099999999999 
0.93081402875776009243 0.06918597024223997749 0.00000000099999999998 
0.95295885197811602829 0.04704114702188393754 0.00000000099999999999 
0.70871472368152821364 0.29128527531847170362 0.00000000099999999998 
0.73632915991858327587 0.26367083908141669690 0.00000000099999999997 
0.73213193269390075546 0.26786806630609910629 0.00000000099999999998 
0.64009576738893825265 0.35990423161106166461 0.00000000099999999997 
0.73128213500675109948 0.26871786399324881778 0.00000000099999999998 
0.80733996819633713216 0.19266003080366275735 0.00000000099999999998 
0.79416396117423737611 0.20583603782576254115 0.00000000099999999998 
0.72395401479929644140 0.27604598420070336484 0.00000000099999999997 
0.84692305029867009925 0.15307694870132984577 0.00000000099999999998 
0.96401163875045381424 0.03598836024954618629 0.00000000099999999999 
0.95410776846679223873 0.04589223053320760914 0.00000000099999999998 
0.97973872907190107107 0.02026126992809875252 0.00000000099999999998 
0.80066862289413232023 0.19933137610586770805 0.00000000099999999998 
0.89549247864936143415 0.10450752035063846923 0.00000000099999999998 
0.80746335583131711999 0.19253664316868285278 0.00000000099999999998 
0.83512641526571096406 0.16487358373428900871 0.00000000099999999998 
0.79468268323556945365 0.20531731576443054688 0.00000000099999999998 
0.79657257440494966261 0.20342742459505031016 0.00000000099999999998 
0.98145929233220841059 0.01854070666779165585 0.00000000099999999999 
0.99999999800000005656 0.00000000099999999998 0.00000000099999999998 
0.96921013166455449728 0.03078986733544562121 0.00000000100000000000 
