0.37198400911776569044 0.01337422545827696499 0.61464176542395732028 
0.04680419336699839783 0.07006205889919078778 0.88313374773381092542 
0.07219120271400532307 0.05680566345479004520 0.87100313383120464561 
0.37382593726516177846 0.00005148199652025534 0.62612258073831794647 
0.13707061496337141770 0.03274037815091546816 0.83018900688571317659 
0.13268537431747895461 0.04746662785105783960 0.81984799783146311558 
0.00123311483303271594 0.07815520698756497908 0.92061167817940225966 
0.00000000100000000000 0.06872218182752123927 0.93127781717247881677 
0.00226581005771721907 0.09691926205683792928 0.90081492788544481609 
0.00000000099999999999 0.08646733267948052137 0.91353266632051954854 
0.00000000100000000000 0.08557746489074291585 0.91442253410925700141 
0.04996414784158063199 0.04362505750049148340 0.90641079465792784298 
0.00000000100000000000 0.09891943821850168739 0.90108056078149845192 
0.03405066614480398851 0.06489915296766284036 0.90105018088753319194 
0.06073860601919216229 0.08711418284955206592 0.85214721113125579954 
0.27548188760493708127 0.03252551750626107158 0.69199259488880182634 
0.21704181146448017770 0.01895485896244037544 0.76400332957307948156 
0.11677479627248438243 0.02739152157652214106 0.85583368215099353549 
0.06492810383011411723 0.07367777251155172014 0.86139412365833412100 
0.05159909533973282975 0.09782808164444216359 0.85057282301582493034 
0.09512823770271942869 0.05355678800730562933 0.85131497428997493504 
0.15797603153018147104 0.06559749152866363453 0.77642647694115496382 
0.05424951806166139479 0.06703259364920929886 0.87871788828912922309 
0.00000274266188202520 0.07978818677595467257 0.92020907056216338926 
0.00000000100000000000 0.10295109949945832617 0.89704889950054167436 
0.06365239829885342704 0.04734558030174104704 0.88900202139940565083 
0.08892679417949939102 0.04773510478595670292 0.86333810103454378115 
0.03110227931421545924 0.02660875739473861704 0.94228896329104605556 
0.01785851148394019747 0.10514959308176367869 0.87699189543429612037 
0.01779905308786879775 0.10580078464719444575 0.87640016226493677731 
0.26197174511346771331 0.05074626998306818598 0.68728198490346403826 
0.26815813997695098214 0.00987095450512877337 0.72197090551792020285 
0.32073260695097527417 0.00633654674765488871 0.67293084630136967839 
0.34536903613840824745 0.00957172044921810947 0.64505924341237363961 
0.19040649562564124220 0.03007392263889384354 0.77951958173546498365 
0.31776343102517956574 0.00544156917961614774 0.67679499979520418851 
0.00000000305120766030 0.08385826626049691646 0.91614173068829540814 
0.26561891089202221972 0.03979181082997013119 0.69458927827800764909 
0.43788219097681407854 0.00000000099999999999 0.56211780802318600525 
0.35191313377440025523 0.00000000099999999999 0.64808686522559977305 
0.28138987360251188630 0.01143128060865711629 0.70717884578883105640 
0.32983672815179687632 0.00451345371315311269 0.66564981813504997543 
0.16009902154952537767 0.01460385081422813439 0.82529712763624663019 
0.32575467422251008776 0.00000000100000000000 0.67424532477748988502 
0.34912917903832413336 0.00000000099999999999 0.65087081996167572839 
0.11528506457968490384 0.05888739235355203855 0.82582754306676309231 
0.02531209014001798915 0.18431442641976727992 0.79037348344021474134 
0.00000000099999999999 0.09214692864984883047 0.90785307035015117005 
0.04381274867772531195 0.06596439844803402008 0.89022285287424063327 
0.06295821194639147911 0.06086509416409229684 0.87617669388951635590 
0.02987340583653166903 0.06136598477459047352 0.90876060938887781582 
0.13420169543911802945 0.03452347066961761191 0.83127483389126433089 
0.13359405076554448089 0.06089580000584345759 0.80551014922861208234 
0.12423579531216159821 0.04520944494371022943 0.83055475974412806828 
0.36596061110356481461 0.00000000099999999999 0.63403938789643510265 
0.42071228026930218569 0.00000000099999999999 0.57928771873069784260 
0.36262119391341240959 0.00000000099999999999 0.63737880508658750767 
0.07035090380969298562 0.05917143767336138782 0.87047765851694558492 
0.37136981308328026463 0.00000000099999999999 0.62863018591671959712 
0.22797155927663667607 0.02598749615671575378 0.74604094456664749035 
0.46313574894530240567 0.00000000099999999999 0.53686425005469773364 
0.25482702092645420633 0.00608996396466943667 0.73908301510887630670 
0.24220156424605682188 0.02536566348101792004 0.73243277227292524767 
0.30580663541331570832 0.02589612873185219433 0.66829723585483213899 
0.28915790070188462924 0.00000000100000000000 0.71084209829811539905 
0.35146445557284561323 0.00000000099999999999 0.64853554342715424852 
0.20702701366352255219 0.00618185045748066795 0.78679113587899673909 
0.24457227023807245891 0.01293846736626523032 0.74248926239566237495 
0.23835631674672147495 0.00464291418407048080 0.75700076906920799047 
0.28844197012993744167 0.00000000100000000000 0.71155802887006258661 
0.13676539403613113821 0.04793771416204557767 0.81529689180182318697 
0.36532580194118252637 0.00009311876535445551 0.63458107929346307952 
0.44610771755483824563 0.00000000099999999999 0.55389228144516178265 
0.34332940568090414279 0.00000000100000000000 0.65667059331909582998 
0.24764274592136545361 0.00862429261877749494 0.74373296145985701155 
0.41088399161240524160 0.00000000099999999999 0.58911600738759484219 
0.35347490165222666958 0.00000000100000000000 0.64652509734777330319 
0.28188157896763288424 0.01397390760442833793 0.70414451342793871191 
0.27118555298731633618 0.00684284518559504125 0.72197160182708863818 
0.20213650914850136986 0.01232982280820761264 0.78553366804329094464 
0.00000000099999999999 0.08077038498815987400 0.91922961401184022368 
0.17950571805341469789 0.05854113392956258877 0.76195314801702274110 
0.23360116886681961401 0.00465777959110529483 0.76174105154207505386 
0.08029888493161985163 0.11016309633629817188 0.80953801873208208750 
0.03628574173258027752 0.11467643260584710341 0.84903782566157259826 
0.13060227384621381219 0.07320544321840485869 0.79619228293538124586 
0.26821050653294381538 0.00000000100000000000 0.73178949246705615739 
0.33504275389581233968 0.00324780518954004109 0.66170944091464767300 
0.13537328506174392539 0.05215882170865190209 0.81246789322960422108 
0.25045539777103126289 0.04023960984946114983 0.70930499237950750402 
0.38855822966840419808 0.00000000100000000000 0.61144176933159577469 
0.15630871769815901651 0.04574365297964434057 0.79794762932219664986 
0.14102451755656225663 0.04326288894119157541 0.81571259350224623041 
0.30216559830768791040 0.00000000099999999999 0.69783440069231206238 
0.35854068091766355675 0.00000000100000000000 0.64145931808233647153 
0.30705857002064956829 0.00830599792278112654 0.68463543205656918200 
0.27421299762790773968 0.01569394096957810528 0.71009306140251404749 
0.34801292571880632076 0.00000000099999999999 0.65198707328119354099 
0.34394886791035933493 0.00000000099999999999 0.65605113108964063784 
0.51074246218404939501 0.00000000099999999999 0.48925753681595068878 
0.42086084027224390791 0.00000000099999999999 0.57913915872775600935 
0.37929905854657752773 0.00000000099999999999 0.62070094045342238953 
0.16865948102052397140 0.02994071547084716650 0.80139980350862882741 
0.22287230689763404268 0.03245282725468438823 0.74467486584768149971 
0.24747003080179216794 0.00656066475609160329 0.74596930444211617672 
0.42427142454163030427 0.00000000100000000000 0.57572857445836966850 
0.15733588007180643320 0.04612011879719506158 0.79654400113099843583 
0.27325357867632482645 0.05869827233844607250 0.66804814898522912880 
0.10527733652243040363 0.03110752090830374780 0.86361514256926597000 
0.22994164304634187590 0.01729822032821714747 0.75276013662544105642 
0.20865346172079435316 0.00000001274542872334 0.79134652553377693440 
0.30603818379691805074 0.00056663976897968751 0.69339517643410231162 
0.21799659648505059772 0.10146594632965368066 0.68053745718529579101 
0.29879876711691011337 0.00689358211344356497 0.69430765076964617855 
0.39473009741007275553 0.00000000099999999999 0.60526990158992710622 
0.26579631475197218471 0.03003155867830698336 0.70417212656972094642 
0.11621316819573011825 0.04713985459552601925 0.83664697720874381393 
0.04494675752807501812 0.08010801906284709117 0.87494522340907798785 
0.24152017242852422130 0.00959433151261790754 0.74888549605885790239 
0.29314630479521669448 0.00005840063802746761 0.70679529456675582733 
0.16731773020192400314 0.03358672326545694004 0.79909554653261904988 
0.21412892890070672758 0.00322266388399479985 0.78264840721529860268 
0.22184060018479145882 0.01363722798541587046 0.76452217182979265164 
0.22177370025069251258 0.01816491307660617061 0.76006138667270140008 
0.26279643700777738369 0.02785887073485228058 0.70934469225737040166 
0.32660294995392491479 0.00000000099999999999 0.67339704904607500247 
0.00000000099999999999 0.16714984274115451957 0.83285015625884539769 
0.00000000099999999999 0.09063769731907589389 0.90936230168092413439 
0.00000000100000000000 0.07520982452789225225 0.92479017447210776215 
0.00000000100000000000 0.09327521547597403262 0.90672478352402596791 
0.11425090631793291540 0.04152519403993175373 0.84422389964213540026 
0.22398605202408125581 0.00286964028361440899 0.77314430769230424456 
0.32916090848275703085 0.00000026287769952359 0.67083882863954336084 
0.18126991919443991019 0.02091588395748612828 0.79781419684807397541 
0.35483862391308590434 0.00000000099999999999 0.64516137508691417946 
0.34510522855744391046 0.01307256310630984693 0.64182220833624636924 
0.36716064589361430137 0.00000000100000000000 0.63283935310638572691 
0.12014148170255671555 0.04238503739145169091 0.83747348090599171844 
0.30678771521421471791 0.00000000099999999999 0.69321228378578525486 
0.22205834494032647419 0.01778409079925354769 0.76015756426041991567 
0.34761556790477804446 0.00000000099999999999 0.65238443109522192831 
0.22083778190387076679 0.00900792862461855318 0.77015428947151065575 
0.43455908324549918920 0.00000000099999999999 0.56544091575450083909 
0.45752890256212919162 0.00000000099999999999 0.54247109643787072564 
0.48756344269921969570 0.00000000099999999999 0.51243655630078022156 
0.31857609790316798737 0.00000000100000000000 0.68142390109683204091 
0.62160798308478792951 0.00000000099999999999 0.37839201591521198775 
0.28803548773690046403 0.00000000100000000000 0.71196451126309956425 
0.19038200878430180940 0.03889336450966736358 0.77072462670603081314 
0.15918363891783082753 0.03946518593809918846 0.80135117514406994932 
0.38539908030215674906 0.00000000100000000000 0.61460091869784316820 
0.30900912349562453807 0.00000000100000000000 0.69099087550437543470 
0.24851643570561049446 0.03538127658250182772 0.71610228771188777497 
0.18940009925786549516 0.03159303631760571052 0.77900686442452871106 
0.14437532216394832751 0.03876353591445232116 0.81686114192159930969 
0.35860508681044744872 0.00000000100000000000 0.64139491218955257956 
0.35428360649966417206 0.00000000099999999999 0.64571639250033585622 
0.34907043903478757185 0.00000000099999999999 0.65092955996521251194 
0.25393678010638653930 0.00094366584662020395 0.74511955404699325989 
0.19451430466203414871 0.02223571447465234191 0.78324998086331354408 
0.02178600902776742232 0.17017682713829554442 0.80803716383393708877 
0.01007551658870456737 0.05772980269845388174 0.93219468071284150579 
0.00019869875406788328 0.18702501832781723290 0.81277628291811476746 
0.19078147323210273290 0.01354206191078567711 0.79567646485711152060 
0.11480661961878854682 0.03478989990488417366 0.85040348047632730033 
0.33429168370428513635 0.00000000099999999999 0.66570831529571483642 
0.27144480987266006444 0.00000000100000000000 0.72855518912733985282 
0.31070321823986152276 0.00000000100000000000 0.68929678076013845001 
0.17766934527422947876 0.00000000100000000000 0.82233065372577063279 
0.27453253433601343403 0.00000000099999999999 0.72546746466398637221 
0.25737088757501552783 0.00000000100000000000 0.74262911142498444494 
0.37951430768290139728 0.00000000099999999999 0.62048569131709851998 
0.31211648483181653191 0.00000000099999999999 0.68788351416818349637 
0.33497588496666336200 0.00000000099999999999 0.66502411403333661077 
0.51675033237557488341 0.00000000099999999999 0.48324966662442508936 
0.31060117509003576375 0.00114993648487308445 0.68824888842509124309 
0.01726290864758276908 0.09502857812507831126 0.88770851322733901334 
0.00000000100000000000 0.07521777344975649759 0.92478222555024358620 
0.00000000099999999999 0.07808274755192100292 0.92191725144807890047 
0.00000000100000000000 0.09326420371503787998 0.90673579528496217605 
0.20919019319682197189 0.00111058819281451438 0.78969921861036340704 
0.00000000100000000000 0.07966762425173437578 0.92033237474826568025 
0.00000000100000000000 0.09216322577876320810 0.90783677322123679243 
0.01476006988438078975 0.07030319625385823834 0.91493673386176099793 
0.26914218873264966758 0.00000000100000000000 0.73085781026735019417 
0.07649082900563507204 0.06907859812721720005 0.85443057286714785281 
0.18344396533835513607 0.02446793676051159036 0.79208809790113332561 
0.31737014206757757639 0.00000000100000000000 0.68262985693242228535 
0.25950322312876811237 0.00000000099999999999 0.74049677587123186040 
0.16223818193269617938 0.03482921410861272021 0.80293260395869114898 
0.20719961018833821242 0.00000089021137930347 0.79279949960028250899 
0.27272192287297142288 0.00000000100000000000 0.72727807612702854989 
0.10836804914969308533 0.05963724867338686397 0.83199470217691995355 
0.02439073195282714934 0.05128136732990655478 0.92432790071726622649 
0.00000000099999999999 0.10205569593615393398 0.89794430306384609430 
0.02200917771019599012 0.06011640174781796714 0.91787442054198620234 
0.01788543654156578636 0.10365781535590290474 0.87845674810253127074 
0.07226496637264119560 0.07114473958459612002 0.85659029404276265662 
0.00000000100000000000 0.04769897559447282276 0.95230102340552713613 
0.01945648821516904672 0.07297083760504224914 0.90757267417978859658 
0.38161013599036525124 0.00000000099999999999 0.61838986300963461051 
0.35525779272330282321 0.00000000100000000000 0.64474220627669709405 
0.14331084839471541770 0.02194581694254868834 0.83474333466273598070 
0.24977005705662436164 0.00000000099999999999 0.75022994194337555562 
0.26425903984402060454 0.01328800769588531910 0.72245295246009400003 
0.13082440268013617590 0.03605023733261240176 0.83312535998725145703 
0.35593353087516033106 0.00000000099999999999 0.64406646812483958620 
0.19684309054181245435 0.02260290178881880357 0.78055400766936866574 
0.31831432689263267077 0.00695471376686040890 0.67473095934050697497 
0.20684035287087945698 0.02963464649628656106 0.76352500063283390563 
0.14870553830626886960 0.01915576353591487424 0.83213869815781627004 
0.31751134443949735608 0.00000000100000000000 0.68248865456050256117 
0.20208162858809636253 0.02011059951498590098 0.77780777189691774343 
0.28836724564930577008 0.00000000100000000000 0.71163275335069420269 
0.40858838296905497511 0.00000000100000000000 0.59141161603094516419 
0.32350222100986508744 0.00000000099999999999 0.67649777799013488533 
0.21950227413314277181 0.01712674597624376516 0.76337097989061353243 
0.05483345693155573797 0.11027473797197047400 0.83489180509647364925 
0.29402926770743303964 0.00000000100000000000 0.70597073129256682211 
0.25218310742881272501 0.00000010015288226925 0.74781679241830500970 
0.14956895389584473621 0.03593104251126633814 0.81450000359288887708 
0.25418780503294480244 0.00639298663698817989 0.73941920833006702374 
0.22841094929677899228 0.03727065090777616219 0.73431839979544477615 
0.28042861310206984582 0.01289310477900132076 0.70667828211892880219 
0.26937652914216075883 0.00000000099999999999 0.73062346985783921394 
0.13906553189880344057 0.02634947619719348391 0.83458499190400314838 
0.14883005670107291030 0.04209347172295601486 0.80907647157597117893 
0.27315376937371516064 0.00971281151170343138 0.71713341911458139410 
0.21497233858635261816 0.00512066736172431779 0.77990699405192298599 
0.03094207532862700699 0.05838169287661208046 0.91067623179476087092 
0.35442740012816192907 0.00000000099999999999 0.64557259887183793268 
0.34572747003992537751 0.00000000100000000000 0.65427252896007448424 
0.30266468798333184820 0.00000000099999999999 0.69733531101666801355 
0.39311896323917605578 0.00000000099999999999 0.60688103576082397250 
0.27146082009157657122 0.00000000099999999999 0.72853917890842334604 
0.29899298566286958145 0.00000000099999999999 0.70100701333713033581 
0.30895556457021400298 0.00000000099999999999 0.69104443442978591428 
0.28883571294719911915 0.00000001953548822475 0.71116426751731265377 
0.34705889291018454657 0.00000000099999999999 0.65294110608981537069 
0.46799626209338823779 0.00000000099999999999 0.53200373690661162396 
0.28041406828881232371 0.00000000100000000000 0.71958593071118770457 
0.24629806699552408977 0.00637049290633096444 0.74733144009814478359 
0.17400087944670503126 0.01778921473281194418 0.80820990582048313211 
0.57831585610218438909 0.00000000099999999999 0.42168414289781569471 
0.30534957014162927846 0.00000000099999999999 0.69465042885837080533 
0.38696846373366899918 0.00000000099999999999 0.61303153526633091808 
0.36931273679374077012 0.00000000099999999999 0.63068726220625925816 
0.35039178635749723689 0.00000000099999999999 0.64960821264250268037 
0.32965190939388322455 0.00000000099999999999 0.67034808960611680373 
0.22839285952123325463 0.00000000099999999999 0.77160713947876669039 
0.34538943198217791908 0.00000000099999999999 0.65461056701782205369 
0.30811126254499704435 0.00000000099999999999 0.69188873645500281739 
0.32304837995014440422 0.00000000100000000000 0.67695161904985556856 
0.30723372414634408933 0.00000000099999999999 0.69276627485365582793 
0.39435338197187458364 0.00000000099999999999 0.60564661702812538913 
0.08082066619157052267 0.05331222988293667781 0.86586710392549282034 
0.08866059633375712734 0.04215652068617973397 0.86918288298006318726 
0.16881686256693220760 0.01108129011296382638 0.82010184732010393827 
0.24316498506660724765 0.00000000100000000000 0.75683501393339258634 
0.12024992205849509286 0.06662887086669203041 0.81312120707481283510 
0.01514635011504488100 0.05664145328804350704 0.92821219659691167614 
0.03171256375516316728 0.06573741178916996108 0.90255002445566689939 
0.13587490118839687381 0.00992649642740157760 0.85419860238420153298 
0.25113883594046998438 0.01409332755349820832 0.73476783650603183506 
0.15510362701253802009 0.05072681351005238481 0.79416955947740952571 
0.11861637917576095536 0.01397373041502381064 0.86740989040921523401 
0.23041216087731786200 0.00000000100000000000 0.76958783812268205526 
0.33685459301314613079 0.00000000099999999999 0.66314540598685378647 
0.30808449346245025957 0.00000000099999999999 0.69191550553754976871 
0.20519686066985681760 0.01619386945092381874 0.77860926987921952325 
0.23384109577505346467 0.00000000100000000000 0.76615890322494661913 
0.28572580956006277120 0.00736914561313910081 0.70690504482679816789 
0.14208792411011733625 0.01447818464983217403 0.84343389124005063717 
0.35788363056521871330 0.00000000099999999999 0.64211636843478125947 
0.44070654817514964829 0.00000000099999999999 0.55929345082485037999 
0.48888515701504869915 0.00000000099999999999 0.51111484198495116260 
0.47168014854808765213 0.00000000099999999999 0.52831985045191232064 
0.40883308702652293443 0.00000000099999999999 0.59116691197347703834 
0.45533711217021294315 0.00000000099999999999 0.54466288682978702962 
0.31936481062472704684 0.00000000099999999999 0.68063518837527292593 
0.32083491034192079816 0.00000000099999999999 0.67916508865807923012 
0.18563270514380231235 0.02896948969093862333 0.78539780516525914411 
0.16587008786134427307 0.01523529323946635344 0.81889461889918935267 
0.07463279917202053637 0.04462118649946098664 0.88074601432851851168 
0.21111809187339516947 0.03539490278369297055 0.75348700534291201958 
0.10986890501275986542 0.04773209164783221575 0.84239900333940787025 
0.16243275299910522880 0.03607233022651853971 0.80149491677437623149 
0.15626213196655755477 0.02035039672439837091 0.82338747130904410554 
0.08611212027534856372 0.03627157276599304175 0.87761630695865833207 
0.25650790065552303565 0.00000000100000000000 0.74349209834447704814 
0.16535377950891616550 0.01273582641867363613 0.82191039407241006653 
0.02827094464280169306 0.06440020255326468768 0.90732885280393371641 
0.06300324089699650687 0.04310731827733248894 0.89388944082567101113 
0.28409206435701045423 0.00000000099999999999 0.71590793464298951854 
0.50175660159919921455 0.00000000099999999999 0.49824339740080086925 
0.23141487371717753274 0.02426547103771002981 0.74431965524511234378 
0.34869688729171127717 0.00000000100000000000 0.65130311170828869560 
0.22996908761147819011 0.00000000100000000000 0.77003091138852175490 
0.10539012722154345036 0.04816217224786870782 0.84644770053058782100 
0.19223139004224082393 0.02483312695904557957 0.78293548299871351670 
0.01414895547485536115 0.05517448195696872393 0.93067656256817576921 
0.02254795104298863012 0.04139977604161384356 0.93605227291539749856 
0.05342337695196366226 0.03291067037993896521 0.91366595266809735865 
0.01642629583121436518 0.05610283688288423415 0.92747086728590144578 
0.11301942011751750505 0.02770539415547190049 0.85927518572701055977 
0.34960808812760485464 0.00000000099999999999 0.65039191087239500710 
0.14188604977877342095 0.02974037469128264569 0.82837357552994395071 
0.33115393129927722660 0.00000000099999999999 0.66884606770072274617 
0.37868729901373798796 0.00000000099999999999 0.62131269998626204032 
0.12077109540423268397 0.01617395714407998328 0.86305494745168720438 
0.31377726424453600274 0.00000000099999999999 0.68622273475546402555 
0.25116906312190806494 0.00000000100000000000 0.74883093587809190783 
0.41130227002731628572 0.00000000099999999999 0.58869772897268357603 
0.22149625922177870740 0.01566339319795662099 0.76284034758026464385 
0.00000000100000000000 0.09583143531727145170 0.90416856368272846556 
0.00000938470080010801 0.07378923688183335050 0.92620137841736649431 
0.24865996735605985779 0.01363957406411034530 0.73770045857982968762 
0.19557255530941794475 0.00433202840913496454 0.80009541628144698056 
0.09592072806946966290 0.02492365635630311091 0.87915561557422716721 
0.03706097717751958426 0.06143649147828967455 0.90150253134419067180 
0.23100686116071680876 0.01895289728819944328 0.75004024155108373062 
0.00000000099999999999 0.09158371100583420632 0.90841628799416573870 
0.07247704411373488698 0.04122205281282550343 0.88630090307343967204 
0.18256410280087312370 0.03106388536612658680 0.78637201183300020624 
0.32639863329560886429 0.00001410375654092381 0.67358726294785020716 
0.22204427442101362655 0.00045574125987651198 0.77749998431910993801 
0.21109708892401313207 0.03181442225962349130 0.75708848881636348072 
0.28678076376449096463 0.00000000100000000000 0.71321923523550889712 
0.28015907699226449967 0.00000000099999999999 0.71984092200773552861 
0.14329722650366524817 0.06154606200287997264 0.79515671149345490409 
0.31745057154047817694 0.00000000100000000000 0.68254942745952185135 
0.09834286214310729302 0.02889013793122620355 0.87276699992566653119 
0.29346720812370147291 0.00000000099999999999 0.70653279087629849986 
0.06968375802495345439 0.06542650168900994434 0.86488974028603660127 
0.15303949540409525487 0.05662379870460026998 0.79033670589130455841 
0.06623267512459526940 0.05711675697087680720 0.87665056790452799973 
0.21909922376931773025 0.01457833914792145205 0.76632243708276093219 
0.27751888564202131793 0.00000000100000000000 0.72248111335797859933 
0.10705665207504648506 0.01897873411190341766 0.87396461381305012850 
0.24270835120198649970 0.00000000100000000000 0.75729164779801338980 
0.36186795521301823308 0.00000000099999999999 0.63813204378698185071 
0.24968264172096768516 0.00021038348293296325 0.75010697479609933502 
0.39350747741271702163 0.00000000099999999999 0.60649252158728306217 
0.29557759757194734807 0.00000000100000000000 0.70442240142805268022 
0.40794165397655052230 0.00000000099999999999 0.59205834502344945047 
0.21976996625809094854 0.01319726225722987756 0.76703277148467929880 
0.14451252195720648563 0.00553948457789716665 0.84994799346489635639 
0.21833617228747845274 0.02219219421598755612 0.75947163349653401543 
0.10973140746410853241 0.00858769986086542307 0.88168089267502613993 
0.15011580778237465505 0.01748847486478548666 0.83239571735283979237 
0.02736427834733421230 0.07128725116524783911 0.90134847048741784103 
0.21369631805324823537 0.00714291067410265101 0.77916077127264904423 
0.08929848429187002556 0.02885516258818631927 0.88184635311994374884 
0.20031016981483779071 0.00000000100000000000 0.79968982918516218206 
0.08295031948561948365 0.04730482705229109575 0.86974485346208951775 
0.20782988508863328714 0.00000000099999999999 0.79217011391136671339 
0.18991785461574345328 0.01966475780860774125 0.79041738757564894424 
0.01384655724175526924 0.04614516485345118019 0.94000827790479346557 
0.21960378134710067943 0.02340461665019294077 0.75699160200270643184 
0.29727172698436143961 0.00000000100000000000 0.70272827201563847765 
0.19894334798226542826 0.01803205208939443957 0.78302459992834005931 
0.24673057202945103406 0.00047319530745752123 0.75279623266309136920 
0.14216780663263314799 0.04111013616782577262 0.81672205719954094061 
0.10736406049153048026 0.02215787525271966166 0.87047806425574980604 
0.30096108085558098688 0.00023718510134295286 0.69880173404307599494 
0.00802585980327689616 0.08284649242673870762 0.90912764776998444827 
0.07629320910123889299 0.04408224573824173764 0.87962454516051935549 
0.06126813787968557468 0.05762995617730770626 0.88110190594300663580 
0.05731873622927455975 0.06087772302039311939 0.88180354075033240413 
0.20774740137413971741 0.01633630180090377831 0.77591629682495655285 
0.32507041221749549686 0.00000000099999999999 0.67492958678250458693 
0.10239479630401640553 0.04264211895358766685 0.85496308474239601782 
0.38996895534832343166 0.00000000099999999999 0.61003104365167659662 
0.23616597384663010062 0.00000000100000000000 0.76383402515337006644 
0.15930336770415315373 0.03622648770063985335 0.80447014459520704843 
0.24437917107349660384 0.01860069932478478072 0.73702012960171858769 
0.17171847265118594938 0.00652049437118776883 0.82176103297762637112 
0.43369201749431801618 0.00000000099999999999 0.56630798150568195659 
0.42358653852522909489 0.00000000100000000000 0.57641346047477104442 
0.53872939015096332760 0.00000000099999999999 0.46127060884903675619 
0.36673711142908188565 0.00000000099999999999 0.63326288757091808712 
0.53847282528690654235 0.00000000099999999999 0.46152717371309331940 
0.52988121575944679975 0.00000000099999999999 0.47011878324055317302 
0.43389390161799001877 0.00000000099999999999 0.56610609738200989849 
0.13991978003567359656 0.03302226271946184094 0.82705795724486463882 
0.19872098667568929842 0.00907213779752792833 0.79220687552678281662 
0.01500616257937154897 0.05216540319808464499 0.93282843422254368981 
0.07338268251969173872 0.03218277241186905807 0.89443454506843922402 
0.22963501953340201278 0.00000000100000000000 0.77036497946659787672 
0.25336390134791114681 0.00649901773940412836 0.74013708091268470834 
0.03312630461856548580 0.06752051287658994427 0.89935318250484463931 
0.15127894228132221510 0.01639260350260205237 0.83232845421607570824 
0.05375718134309073748 0.03477244659908661911 0.91147037205782277525 
0.27166410947855523794 0.02758236304320761320 0.70075352747823727029 
0.00000000099999999998 0.08925293218293045561 0.91074706681706962819 
0.00000004209882717010 0.06577713655037055462 0.93422282135080225718 
0.00000000099999999999 0.05471598875037946702 0.94528401024962060983 
0.02188808718751072274 0.06880833121606881597 0.90930358159642044047 
0.06625586343408808310 0.06796272312623392875 0.86578141343967807142 
0.20735359480901818796 0.00828153567213746160 0.78436486951884443197 
0.10423497425571613684 0.05339859776088767135 0.84236642798339611549 
0.03836932441011639550 0.05273642319374766824 0.90889425239613597096 
0.01948882542478320989 0.05430287242353381422 0.92620830215168292732 
0.17336722168869311833 0.00000003160533426700 0.82663274670597264304 
0.09293382171524267044 0.05334596785569824251 0.85372021042905910093 
0.26433204116182723586 0.00447788235397712960 0.73119007648419576118 
0.35179108889319765652 0.00000000100000000000 0.64820891010680237176 
0.18086549488927880502 0.00333025191510891811 0.81580425319561233888 
0.24866735121463126590 0.01487197590954949210 0.73646067287581928884 
0.17040794551490548447 0.00543394878917161095 0.82415810569592284907 
0.07754215642267450748 0.02750317860048195895 0.89495466497684361684 
0.40105092710465228834 0.00000000099999999999 0.59894907189534773995 
0.28149515719595435970 0.00000000099999999999 0.71850484180404550205 
0.36554196566029090176 0.00000000099999999999 0.63445803333970895999 
0.34293631773462485146 0.00000000100000000000 0.65706368126537506580 
0.26087491796226125462 0.73912508103773866264 0.00000000099999999998 
0.29930624129731447924 0.70069375770268549353 0.00000000099999999997 
0.36334044165469808751 0.63665955734530199628 0.00000000099999999997 
0.40503282336915247264 0.59496717563084744462 0.00000000099999999997 
0.33803649083695808120 0.66196350816304194709 0.00000000099999999997 
0.33740648910328285837 0.66259350989671705889 0.00000000099999999997 
0.41777881486906454089 0.58222118413093548739 0.00000000099999999997 
0.30891380314708216659 0.69108619585291775067 0.00000000099999999997 
0.24877299382828321761 0.75122700517171669965 0.00000000099999999997 
0.16936485445784543735 0.83063514454215436889 0.00000000099999999998 
0.25520250077345912887 0.74479749822654084390 0.00000000099999999998 
0.32745666248818139366 0.67254333651181863463 0.00000000099999999998 
0.25976289078015768474 0.74023710821984212149 0.00000000099999999997 
0.23562431021531266007 0.76437568878468742373 0.00000000099999999997 
0.19939378719743716672 0.80060621180256286156 0.00000000099999999998 
0.34268421079351224501 0.65731578820648772776 0.00000000099999999997 
0.19369154997280285668 0.80630844902719700507 0.00000000099999999998 
0.00006910620967077480 0.99993089279032931760 0.00000000099999999999 
0.00000012711043689722 0.99609125774039675161 0.00390861514916649670 
0.05223767341641239598 0.94776232558358763924 0.00000000099999999998 
0.24139109869724512114 0.75860890030275474061 0.00000000099999999998 
0.28086365664710966072 0.71913634235289025654 0.00000000099999999997 
0.40822430505582890659 0.59177569394417095516 0.00000000099999999997 
0.48214205168052259864 0.51785794731947731862 0.00000000099999999997 
0.43474474223148518170 0.56525525676851473555 0.00000000099999999997 
0.21775258052291845967 0.78224741847708145759 0.00000000099999999998 
0.40340796953839130889 0.59659202946160849734 0.00000000099999999997 
0.40377943818855882574 0.59622056081144114703 0.00000000099999999998 
0.04984679245545173276 0.95015320654454826776 0.00000000099999999999 
0.09623030104183986910 0.90376969795816020081 0.00000000099999999998 
0.00005588918411360569 0.99994410981588632836 0.00000000099999999999 
0.04809480762901206102 0.95190519137098783542 0.00000000099999999999 
0.34899916255910679030 0.65100083644089323798 0.00000000099999999998 
0.18033136624993720276 0.81966863275006274225 0.00000000099999999997 
0.18651475791400426441 0.81348524108599562510 0.00000000099999999997 
0.07305412494795382461 0.92694587405204620367 0.00000000099999999997 
0.23716887908626604897 0.76283111991373386829 0.00000000099999999998 
0.29333366364539237292 0.70666633535460754434 0.00000000099999999998 
0.21291738852764341416 0.78708261047235661412 0.00000000099999999998 
0.37170433895556631576 0.62829566004443360150 0.00000000099999999997 
0.27403874533235123012 0.72596125366764863163 0.00000000099999999997 
0.41455883389508429993 0.58544116510491572836 0.00000000099999999997 
0.22616345260450518295 0.77383654639549481757 0.00000000099999999997 
0.35261135674541183027 0.64738864225458814250 0.00000000099999999997 
0.14734936944354082300 0.85265062955645898324 0.00000000099999999998 
0.14733374016371983406 0.85266625883627999993 0.00000000099999999998 
0.11798609703500444190 0.88201390196499551699 0.00000000099999999998 
0.20445154058995473889 0.79554845841004517837 0.00000000099999999998 
0.10829619442545510011 0.89170380457454490042 0.00000000099999999998 
0.17422365027931183135 0.82577634872068828020 0.00000000099999999998 
0.26962766991917702653 0.73037232908082283522 0.00000000099999999998 
0.21588083430622184711 0.78411916469377818117 0.00000000099999999998 
0.19227270488907480250 0.80772729411092525353 0.00000000099999999998 
0.26775676473781190312 0.73224323426218806965 0.00000000099999999998 
0.27953447957428917414 0.72046551942571068761 0.00000000099999999997 
0.18711906581349169176 0.81288093318650833652 0.00000000099999999999 
0.08371998932568036622 0.91628000967431966206 0.00000000099999999998 
0.11013395470878989402 0.88986604429121007875 0.00000000099999999998 
0.15845999332878235588 0.84154000567121767240 0.00000000099999999998 
0.21893158661584363744 0.78106841238415636308 0.00000000099999999998 
0.35052993569399415463 0.64947006330600587365 0.00000000099999999998 
0.35595223544191262333 0.64404776355808746047 0.00000000099999999998 
0.28410761436320269846 0.71589238463679727431 0.00000000099999999998 
0.29491142860666874626 0.70508857039333128203 0.00000000099999999998 
0.38074141080367401857 0.61925858819632595420 0.00000000099999999998 
0.40671686510778726209 0.59328313389221254415 0.00000000099999999997 
0.41246692694874598217 0.58753307205125393509 0.00000000099999999998 
0.44294863122621830342 0.55705136777378161383 0.00000000099999999997 
0.28228516667410125107 0.71771483232589883272 0.00000000099999999998 
0.27578101754708933546 0.72421898145291074833 0.00000000099999999998 
0.15040336343608229352 0.84959663556391773476 0.00000000099999999998 
0.38070250852036152667 0.61929749047963833508 0.00000000099999999998 
0.36581453115827428091 0.63418546784172580288 0.00000000099999999998 
0.36098935996840209040 0.63901063903159793789 0.00000000099999999998 
0.34176724801115604402 0.65823275098884381773 0.00000000099999999998 
0.32858669402591550446 0.67141330497408446831 0.00000000099999999997 
0.26150091726801621972 0.73849908173198386407 0.00000000099999999998 
0.00000000099999999999 0.99999999799999994554 0.00000000099999999999 
0.09499308788234618606 0.90500691111765374508 0.00000000099999999999 
0.24332091114103210350 0.75667908785896798030 0.00000000099999999998 
0.00000000099999999998 0.99999999800000005656 0.00000000099999999998 
0.23083609708291671914 0.76916390191708328139 0.00000000099999999998 
0.30094398962902574324 0.69905600937097411851 0.00000000099999999998 
0.42829826723091762863 0.57170173176908234414 0.00000000099999999998 
0.09474635647013363027 0.90525364252986628699 0.00000000099999999998 
0.21467227236501468246 0.78532772663498540133 0.00000000099999999998 
0.28020492856697770678 0.71979507043302226599 0.00000000099999999998 
0.33420139299484047379 0.66579860600515949898 0.00000000099999999998 
0.35823367735345051921 0.64176632164654945356 0.00000000099999999998 
0.38427617332133190420 0.61572382567866812408 0.00000000099999999997 
0.38714844032443790356 0.61285155867556206921 0.00000000099999999997 
0.22407944072090055232 0.77592055827909933718 0.00000000099999999998 
0.35740101918352623622 0.64259897981647362553 0.00000000099999999997 
0.30664609215449950552 0.69335390684550046725 0.00000000099999999998 
0.23204920011822757764 0.76795079888177242289 0.00000000099999999998 
0.31785333042310587315 0.68214666857689409962 0.00000000099999999997 
0.25593469456528550321 0.74406530443471452507 0.00000000099999999998 
0.25023971659394311784 0.74976028240605685493 0.00000000099999999998 
0.28416787970563311960 0.71583211929436685317 0.00000000099999999998 
0.30693844499636208090 0.69306155400363778085 0.00000000099999999997 
0.33638297384540011281 0.66361702515459985996 0.00000000099999999997 
0.30685795382866365433 0.69314204517133615191 0.00000000099999999997 
0.24757911720003039635 0.75242088179996957642 0.00000000099999999997 
0.39210828113337764522 0.60789171786662221653 0.00000000099999999997 
0.36029121287123622164 0.63970878612876369562 0.00000000099999999998 
0.19547816344587098936 0.80452183555412892790 0.00000000100000000000 
0.29309442614600961230 0.70690557285399036047 0.00000000099999999998 
0.06501211107384768928 0.93498788792615217247 0.00000000099999999998 
0.38396798371716067688 0.61603201528283924038 0.00000000099999999997 
0.31755003317151986320 0.68244996582847994304 0.00000000099999999997 
0.30302423047880860940 0.69697576852119147439 0.00000000099999999997 
0.49066772426149518616 0.50933227473850473110 0.00000000099999999997 
0.38152960050404771675 0.61847039849595231154 0.00000000099999999997 
0.43406963172772994319 0.56593036727226997407 0.00000000099999999997 
0.35044018598470783044 0.64955981301529219785 0.00000000099999999998 
0.31381476643858030595 0.68618523256141950029 0.00000000099999999997 
0.30526594798470102488 0.69473405101529894790 0.00000000099999999998 
0.19858602242142117666 0.80141397657857882386 0.00000000099999999998 
0.17108951384942230889 0.82891048515057752510 0.00000000099999999998 
0.29745124894838403939 0.70254875005161598889 0.00000000099999999998 
0.21136116091136195050 0.78863883808863799452 0.00000000099999999998 
0.32570166023079516471 0.67429833876920486357 0.00000000099999999998 
0.53194068224851354110 0.46805931675148648718 0.00000000099999999998 
0.18210299697200341140 0.81789700202799642259 0.00000000099999999998 
0.00889517588920037475 0.99110482311079961537 0.00000000099999999999 
0.00000000099999999999 0.99999999800000005656 0.00000000099999999999 
0.00000000100000000000 0.99826364924624422237 0.00173634975375586316 
0.01048716527772972952 0.98951283372227016866 0.00000000099999999998 
0.01198017825075637158 0.98801982074924354915 0.00000000099999999999 
0.00000000169628356339 0.99999999730371647022 0.00000000099999999999 
0.04045737025011200000 0.95954262874988793808 0.00000000099999999998 
0.07151649518023427132 0.92848350381976563206 0.00000000099999999999 
0.06154211886641151874 0.93845788013358832913 0.00000000099999999999 
0.07146126003354703882 0.92853873896645300334 0.00000000099999999998 
0.04933523916840093504 0.95066475983159914875 0.00000000099999999999 
0.29338459680646861161 0.70661540219353136116 0.00000000099999999998 
0.26579580128279434170 0.73420419771720568658 0.00000000099999999997 
0.26992957880523726910 0.73007042019476264816 0.00000000099999999998 
0.36194374968248588242 0.63805624931751414586 0.00000000099999999997 
0.27096252013783861390 0.72903747886216130336 0.00000000099999999998 
0.19495470693499811210 0.80504529206500174965 0.00000000099999999998 
0.20827548037743226494 0.79172451862256776334 0.00000000099999999998 
0.27820451934260848059 0.72179547965739143667 0.00000000099999999997 
0.15507884256552589841 0.84492115643447407436 0.00000000099999999998 
0.03825927818421782922 0.96174072081578210192 0.00000000099999999999 
0.04808831908972616836 0.95191167991027392237 0.00000000099999999998 
0.02251628845773226070 0.97748371054226779187 0.00000000099999999998 
0.20135088561988026545 0.79864911338011979058 0.00000000099999999998 
0.10679671957734987453 0.89320327942265009824 0.00000000099999999998 
0.19465910894935403719 0.80534089005064590783 0.00000000099999999998 
0.16708308716158629115 0.83291691183841365387 0.00000000099999999998 
0.20744663320140421803 0.79255336579859569923 0.00000000099999999998 
0.20556933769494023512 0.79443066130505968214 0.00000000099999999998 
0.02059038062804349062 0.97940961837195650297 0.00000000099999999999 
0.00000000099999999998 0.99999999799999994554 0.00000000099999999998 
0.03282707965491248742 0.96717291934508742290 0.00000000100000000000 
