0.01344045753365439785 0.61444139984367995844 0.37211814262266562636 
0.07005633315387410631 0.88295545955587384501 0.04698820729025208337 
0.05680858414716857124 0.87083249366554504878 0.07235892218728633141 
0.00002610014879265424 0.62589853773144465965 0.37407536211976261109 
0.03273910152225697340 0.82999041195960598927 0.13727048651813700264 
0.04748073059412791230 0.81966316099689373598 0.13285610840897829621 
0.07821950109510920901 0.92055634439319933282 0.00122415451169148636 
0.06876448596812752279 0.93123551303187235284 0.00000000100000000000 
0.09698918266357212103 0.90074319634213595442 0.00226762099429203773 
0.08650624773229780018 0.91349375126770226974 0.00000000099999999999 
0.08562644973630563483 0.91437354926369429631 0.00000000100000000000 
0.04360678516680591837 0.90623794210107455616 0.05015527273211947690 
0.09897952148821763385 0.90102047751178226953 0.00000000100000000000 
0.06488445412321207362 0.90087897283147078120 0.03423657304531699946 
0.08712907150462786965 0.85197736900333065346 0.06089355949204134505 
0.03256524080550211170 0.69179704927776597412 0.27563770991673197663 
0.01896633886621227824 0.76380019537433163634 0.21723346575945615133 
0.02738834640778428642 0.85564299214238903613 0.11696866144982649705 
0.07368854438945210417 0.86122190003406240422 0.06508955557648560264 
0.09784803598016507398 0.85041187547960095383 0.05174008854023388893 
0.05355564833355744292 0.85112725684994205988 0.09531709481650044169 
0.06563111420098530213 0.77624695533577814377 0.15812193046323649859 
0.06703767685515939212 0.87855646996973668639 0.05440585317510411578 
0.07984693673336633324 0.92015261783519775030 0.00000044543143592742 
0.10301155927233153486 0.89698843972766839627 0.00000000100000000000 
0.04732858978405139055 0.88881669549214903370 0.06385471472379967983 
0.04773056470239263327 0.86315586119289611222 0.08911357410471118512 
0.02657031872871138886 0.94212257378800823293 0.03130710748328036086 
0.10516042733862095149 0.87683046789295726597 0.01800910476842185540 
0.10581056241891040326 0.87623928622931768206 0.01795015135177189039 
0.05080293804553120962 0.68709264987513829492 0.26210441207933043994 
0.00988918838000114875 0.72176201443940901648 0.26834879718058979314 
0.00640227426857058624 0.67273520465386793532 0.32086252107756157992 
0.00963723997437387209 0.64486343374394705652 0.34549932628167900894 
0.03009442696463049058 0.77933410010327419659 0.19057147293209528160 
0.00548851001446996282 0.67658465778457244078 0.31792683220095746544 
0.08391711686997120612 0.91608288213002864175 0.00000000100000000000 
0.03983744583228834152 0.69440257122939841317 0.26575998293831337715 
0.00000000099999999999 0.56186189754108950556 0.43813810145891057823 
0.00000000099999999999 0.64786326606585520338 0.35213673293414482490 
0.01145981813581683703 0.70697343720412419987 0.28156674466005893187 
0.00459201714282760423 0.66546348848938263743 0.32994449436778988671 
0.01459761806474678056 0.82509791632225426561 0.16030446561299890873 
0.00000000100000000000 0.67403573993070131642 0.32596425906929865635 
0.00000000099999999999 0.65061472874403258881 0.34938527025596732845 
0.05890389586423153828 0.82565088546191345298 0.11544521867385493241 
0.18438635610626230577 0.79022322012112766743 0.02539042377260992966 
0.09219800505124287060 0.90780199394875715768 0.00000000099999999999 
0.06595164155311074305 0.89004632640583858372 0.04400203204105068711 
0.06085604523494948098 0.87598919510577666347 0.06315475965927393187 
0.06135106819444437892 0.90859570664802213891 0.03005322515753345788 
0.03452073356773491947 0.83107662198386744734 0.13440264444839769564 
0.06091505999154058631 0.80532609315937808692 0.13375884684908129207 
0.04521737583803243921 0.83037604526672925687 0.12440657889523837332 
0.00000000099999999999 0.63380207739703797731 0.36619792160296210648 
0.00000000099999999999 0.57902643443876022911 0.42097356456123963264 
0.00000000099999999999 0.63713710631195186185 0.36286289268804822195 
0.05916924425365577278 0.87030335299558858608 0.07052740275075562726 
0.00000000099999999999 0.62838966779772154059 0.37161033120227843218 
0.02601128129807697351 0.74584275056738580378 0.22814596813453716373 
0.00000000099999999999 0.53663453554828266512 0.46336546345171741867 
0.00610589630365690819 0.73887218135450150047 0.25502192234184151154 
0.02538559963814146156 0.73222684763581791234 0.24238755272604065039 
0.02593699832270013328 0.66808814941953442723 0.30597485225776549500 
0.00000000100000000000 0.71062228072956201697 0.28937771827043801132 
0.00000000099999999999 0.64830685348660566092 0.35169314551339436736 
0.00618525016780519053 0.78659115359416253987 0.20722359623803227047 
0.01295292237978522276 0.74228101763699971816 0.24476605998321504520 
0.00464630509529877830 0.75678183327204640030 0.23857186163265489687 
0.00000000100000000000 0.71132067206637006329 0.28867932693362996499 
0.04794709519285779431 0.81510614068019027201 0.13694676412695191980 
0.00006821646352624534 0.63437296804182063958 0.36555881549465313318 
0.00000000099999999999 0.55364341602177868928 0.44635658297822128349 
0.00000000100000000000 0.65644433753304820556 0.34355566146695182272 
0.00864743126731775703 0.74353580856570511415 0.24781676016697709586 
0.00000000099999999999 0.58887918747224865523 0.41112081152775148407 
0.00000000100000000000 0.64630188982659120267 0.35369810917340882561 
0.01399930151868337969 0.70393348076611617081 0.28206721771520043562 
0.00687587469771211695 0.72176843120979883306 0.27135569409248899708 
0.01233114756988116199 0.78532442334607599488 0.20234442908404270955 
0.08081510870371970412 0.91918489029628014375 0.00000000099999999999 
0.05857303410821456530 0.76176430798172811709 0.17966265791005725516 
0.00465892778540361215 0.76152549587085149874 0.23381557634374475207 
0.11019566129850653924 0.80936125055690155694 0.08044308814459194545 
0.11470525490359978482 0.84888445586295413481 0.03641028923344614976 
0.07323200598527788985 0.79600927914998020896 0.13075871486474183181 
0.00000000100000000000 0.73156433371395379606 0.26843566528604634325 
0.00332355279590969277 0.66151048764651454448 0.33516595955757566561 
0.05217686016609721783 0.81228096662310167453 0.13554217321080100356 
0.04027499874716157502 0.70910589710965410415 0.25061910414318422369 
0.00000000100000000000 0.61121161077676955387 0.38878838822323041891 
0.04575893340171659218 0.79776067543464301846 0.15648039116364037548 
0.04327570526833304093 0.81552908139285740230 0.14119521333880957759 
0.00000000099999999999 0.69759007048354948477 0.30240992851645054351 
0.00000000100000000000 0.64123386628523648678 0.35876613271476365252 
0.00833657473550068057 0.68442103105711982192 0.30724239420737942119 
0.01572536296983668980 0.70989776176622410020 0.27437687526393927939 
0.00000000099999999999 0.65175105275872902144 0.34824894624127106235 
0.00000000099999999999 0.65579865598301678720 0.34420134301698329660 
0.00000000099999999999 0.48903170894568809279 0.51096829005431187998 
0.00000000099999999999 0.57887282578924770249 0.42112717321075238130 
0.00000000099999999999 0.62042614201191748080 0.37957385698808243646 
0.02994406119512741521 0.80120010920153195144 0.16885582960334055702 
0.03248724560614518753 0.74448877621812770133 0.22302397817572702787 
0.00657964134280035560 0.74576665133816832931 0.24765370731903138535 
0.00000000100000000000 0.57549741002445276017 0.42450258897554715709 
0.04613876389706701026 0.79635998711145372653 0.15750124899147935342 
0.05875728255894848567 0.66785766738987684121 0.27338505005117463842 
0.03109657102194352332 0.86341970847700577618 0.10548372050105070397 
0.01731444408238091981 0.75256064044821535663 0.23012491546940375131 
0.00000000100000000000 0.79113307110426389634 0.20886692789573602091 
0.00053152655776928263 0.69318344677796150943 0.30628502666426909995 
0.10154638540283507375 0.68036324012517523929 0.21809037447198964532 
0.00691876335670060100 0.69408872570300428340 0.29899251094029516418 
0.00000000099999999999 0.60503901667096993133 0.39496098232902998593 
0.03007295533170367338 0.70398713761601527938 0.26593990705228098825 
0.04714508977136835227 0.83646919622221760360 0.11638571400641391229 
0.08011140670709368528 0.87477671089334130272 0.04511188239956510221 
0.00961107462662354368 0.74868100397726811135 0.24170792139610841609 
0.00002741919636628604 0.70657709466830209699 0.29339548613533156241 
0.03359565772102385967 0.79890048446394912318 0.16750385781502691307 
0.00322835417549603059 0.78244041954099530223 0.21433122628350875782 
0.01364375007052733013 0.76430941075353175940 0.22204683917594100762 
0.01817425558434161009 0.75985472103189555249 0.22197102338376281661 
0.02790776531714208794 0.70916216333006854011 0.26293007135278939623 
0.00000000099999999999 0.67316648787666621967 0.32683351112333380861 
0.16720873118717838324 0.83279126781282164504 0.00000000099999999999 
0.09068693464074893684 0.90931306435925096654 0.00000000099999999999 
0.07525402657249009863 0.92474597242750999904 0.00000000100000000000 
0.09333028277745866741 0.90666971622254144414 0.00000000100000000000 
0.04152829234148933124 0.84404132177482937838 0.11443038588368135977 
0.00287990315733212439 0.77294024048933174242 0.22417985635333617656 
0.00000002179267252456 0.67062892330384304973 0.32937105490348445036 
0.02092302744794375877 0.79761875401861592749 0.18145821853344032415 
0.00000000099999999999 0.64490904528003734075 0.35509095371996279855 
0.01312091271419519277 0.64161896168178222943 0.34526012560402258300 
0.00000000100000000000 0.63260345839993892270 0.36739654060006121661 
0.04239520198909540322 0.83730417088099362566 0.12030062712991103357 
0.00000000099999999999 0.69297769346682414060 0.30702230553317588768 
0.01780317359905189689 0.75996622043476647068 0.22223060596618149365 
0.00000000099999999999 0.65213962715954321148 0.34786037184045670578 
0.00901226757007630649 0.76994877635694025653 0.22103895607298346127 
0.00000000099999999999 0.56520517362065758604 0.43479482537934255326 
0.00000000099999999999 0.54223475940053245115 0.45776523959946752163 
0.00000000099999999999 0.51217768597529333974 0.48782231302470674406 
0.00000000100000000000 0.68119791405449636734 0.31880208494550366094 
0.00000000099999999999 0.37816223696899259332 0.62183776203100749047 
0.00000000100000000000 0.71174550374237510741 0.28825449525762486536 
0.03892125568856879408 0.77053993281966393081 0.19053881149176737919 
0.03947437494090770549 0.80115790046625157128 0.15936772459284070935 
0.00000000100000000000 0.61438115636065249170 0.38561884263934742556 
0.00000000100000000000 0.69078267953032412851 0.30921731946967584426 
0.03542429881569215261 0.71591364597947659831 0.24866205520483131153 
0.03160875053959163322 0.77881184179657925171 0.18957940766382899711 
0.03876917705087450094 0.81666628478680602932 0.14456453816231934484 
0.00000000100000000000 0.64117187209063308817 0.35882812690936694011 
0.00000000099999999999 0.64546915179320163425 0.35453084720679839403 
0.00000000099999999999 0.65068711628205266884 0.34931288271794752598 
0.00086886025440826306 0.74488731338742086852 0.25424382635817088794 
0.02224496154687008453 0.78304632296851695017 0.19470871548461293754 
0.17024176865521933877 0.80789148990152714891 0.02186674144325349498 
0.05769337329475253406 0.93201911033995765710 0.01028751636528973251 
0.18718998040556142359 0.81272008943364171252 0.00008993016079681475 
0.01354310478982869576 0.79547172331739846030 0.19098517189277278150 
0.03478501960717189645 0.85021904952504911979 0.11499593086777898376 
0.00000000099999999999 0.66549262704286360481 0.33450737195713647898 
0.00000000100000000000 0.72833516314382162893 0.27166483585617834384 
0.00000000100000000000 0.68907975950101252316 0.31092023949898761614 
0.00000000100000000000 0.82211072291692433023 0.17788927608307561479 
0.00000000099999999999 0.72522893526819365295 0.27477106373180643084 
0.00000000100000000000 0.74240932734413822569 0.25759067165586174708 
0.00000000099999999999 0.62023259784994178023 0.37976740115005824805 
0.00000000099999999999 0.68764212662577961499 0.31235787237422030227 
0.00000000099999999999 0.66477754350095663582 0.33522245549904339246 
0.00000000099999999999 0.48300911533441504009 0.51699088366558487717 
0.00118848999315554200 0.68804898512454581994 0.31076252488229866300 
0.09502930615730285913 0.88754260565193210386 0.01742808819076502314 
0.07526600454649928773 0.92473399445350068504 0.00000000100000000000 
0.07811721266505503025 0.92188278633494491476 0.00000000099999999999 
0.09332151739671924739 0.90667848160328079476 0.00000000100000000000 
0.00106116821596410589 0.78947776650170697899 0.20946106528232882882 
0.07971760694678579895 0.92028239205321415994 0.00000000100000000000 
0.09221917545073184119 0.90778082354926825648 0.00000000100000000000 
0.07027952328217784705 0.91476191631001269045 0.01495856040780951975 
0.00000000100000000000 0.73062713431399028963 0.26937286468600979417 
0.06908969113113681837 0.85426626981815689810 0.07664403905070625578 
0.02447981666144193047 0.79189534386032633950 0.18362483947823174391 
0.00000000100000000000 0.68240786349244264564 0.31759213550755732713 
0.00000000099999999999 0.74025231367736399335 0.25974768532263614595 
0.03483397103276236056 0.80273222868551052933 0.16243380028172713092 
0.00000001379231459271 0.79258097163082996683 0.20741901457685552046 
0.00000000100000000000 0.72705698148155895044 0.27294301751844118886 
0.05964350083972673466 0.83180683675069178040 0.10854966240958133228 
0.05125248705200298460 0.92416145029722218673 0.02458606265077481132 
0.10211022222971764817 0.89788977677028236624 0.00000000099999999999 
0.06009019010055113158 0.91769990513220434103 0.02220990476724463494 
0.10365886103550633890 0.87828843791452271272 0.01805270104997086858 
0.07115394925278145655 0.85641747112843757961 0.07242857961878104711 
0.04773586705385195889 0.95226413194614789592 0.00000000100000000000 
0.07295443083685920760 0.90740773130730623119 0.01963783785583464447 
0.00000000099999999999 0.61813459958660599280 0.38186539941339392445 
0.00000000100000000000 0.64452511887897134812 0.35547488012102868016 
0.02194181631690343345 0.83454421670476752748 0.14351396697832891070 
0.00000000099999999999 0.74998797009148154835 0.25001202890851842442 
0.01330478747106269427 0.72223874647232899626 0.26445646605660833028 
0.03605534602114068149 0.83294267154477374948 0.13100198243408553433 
0.00000000099999999999 0.64382235650078623035 0.35617764249921374242 
0.02261460458856300038 0.78035539049009783330 0.19703000492133918020 
0.00702812460329519263 0.67454000885897824613 0.31843186653772653782 
0.02965263389194014096 0.76332883870418410943 0.20701852740387574614 
0.01915286969092569458 0.83193956113602163249 0.14890756917305272844 
0.00000000100000000000 0.68225585635397134610 0.31774414264602868219 
0.02012073083122120978 0.77760435771354163847 0.20227491145523704419 
0.00000000100000000000 0.71140513755017364961 0.28859486144982632316 
0.00000000100000000000 0.59119549070425392312 0.40880450829574604965 
0.00000000099999999999 0.67624267753349576182 0.32375732146650426646 
0.01713580039078269057 0.76316351478480370929 0.21970068482441362789 
0.11029968834184585014 0.83472229140305320705 0.05497802025510101914 
0.00000000100000000000 0.70575465299574446920 0.29424534600425550357 
0.00000000100000000000 0.74759327972586520072 0.25240671927413477205 
0.03592852766851406532 0.81429523295237327130 0.14977623937911277441 
0.00641171492879571286 0.73921343981881659779 0.25437484525238757138 
0.03730158005562732998 0.73412327791987852521 0.22857514202449402685 
0.01291725944845677210 0.70647368476816874150 0.28060905578337436150 
0.00000000099999999999 0.73040656530314096440 0.26959343369685895286 
0.02634487852242213893 0.83439071803340680855 0.13926440344417109762 
0.04210543120768861503 0.80888573166431754213 0.14900883712799381509 
0.00974205745569228787 0.71693455929146809869 0.27332338325283972447 
0.00512215702220914990 0.77969545892002722898 0.21518238405776368705 
0.05836780982312630289 0.91051010109623464750 0.03112208908063901491 
0.00000000099999999999 0.64532623408273737109 0.35467376491726265719 
0.00000000100000000000 0.65404626947467725540 0.34595372952532266186 
0.00000000099999999999 0.69708934562046676042 0.30291065337953332337 
0.00000000099999999999 0.60663218460729473325 0.39336781439270540606 
0.00000000099999999999 0.72830068986946605580 0.27169930913053408350 
0.00000000099999999999 0.70076640630539344112 0.29923359269460647614 
0.00000000100000000000 0.69082166572469716481 0.30917833327530280796 
0.00000000100000000000 0.71095904668595899523 0.28904095231404108857 
0.00000000099999999999 0.65269098834454852831 0.34730901065545155548 
0.00000000099999999999 0.53176255170244335346 0.46823744729755678584 
0.00000000100000000000 0.71936205341800785185 0.28063794558199206541 
0.00638811953271087047 0.74712389522722566504 0.24648798524006335087 
0.01779010547732327863 0.80800840705828147481 0.17420148746439531595 
0.00000000099999999999 0.42141210176180787794 0.57858789723819215034 
0.00000000099999999999 0.69439122412980491816 0.30560877487019516563 
0.00000000099999999999 0.61275421976707489247 0.38724577923292513582 
0.00000000099999999999 0.63043788683478196866 0.36956211216521805962 
0.00000000099999999999 0.64937209468859635741 0.35062790431140378189 
0.00000000099999999999 0.67009431499903782115 0.32990568400096220714 
0.00000000099999999999 0.77138027987527157947 0.22861971912472844881 
0.00000000099999999999 0.65438651760927846190 0.34561348139072145536 
0.00000000099999999999 0.69164223620702736106 0.30835776279297277824 
0.00000000100000000000 0.67674013903973473383 0.32325985996026534997 
0.00000000099999999999 0.69252897873061070033 0.30747102026938938346 
0.00000000099999999999 0.60538651448481983763 0.39461348451518007963 
0.05330880351617827556 0.86568653011353868809 0.08100466637028302941 
0.04214539383134248418 0.86899525298250257510 0.08885935318615506562 
0.01107095921049643800 0.81990495527515305785 0.16902408551435038619 
0.00000000100000000000 0.75660618234819809746 0.24339381665180204184 
0.06664724424179296891 0.81293910051407691775 0.12041365524413015498 
0.05660703772215429364 0.92803833662610391020 0.01535462565174177708 
0.06571938289807413569 0.90238127963373260254 0.03189933746819323401 
0.00990666624797326319 0.85398783777790243654 0.13610549597412432976 
0.01410984128052555041 0.73456144811936840977 0.25132871060010592013 
0.05074359753527696998 0.79397976131856129456 0.15527664114616171465 
0.01395293167967288916 0.86721037776113518714 0.11883669055919186819 
0.00000000100000000000 0.76936219814105810677 0.23063780085894186600 
0.00000000099999999999 0.66290578880646411353 0.33709421019353591475 
0.00000000099999999999 0.69166890592599217236 0.30833109307400774490 
0.01620374410010593305 0.77841425965223731698 0.20538199624765671181 
0.00000000100000000000 0.76593427453141127437 0.23406572446858878167 
0.00740810939255303041 0.70670219988191040894 0.28588969072553649386 
0.01446562345485300112 0.84323283025754491860 0.14230154628760222080 
0.00000000099999999999 0.64185250516198544268 0.35814749383801458560 
0.00000000099999999999 0.55905195014296760192 0.44094804885703231534 
0.00000000099999999999 0.51086047652623489679 0.48913952247376502047 
0.00000000099999999999 0.52805653110405004202 0.47194346789594998626 
0.00000000099999999999 0.59091675048612390952 0.40908324851387628529 
0.00000000099999999999 0.54442827485101530360 0.45557172414898483570 
0.00000000099999999999 0.68038874447596520145 0.31961125452403477132 
0.00000000099999999999 0.67893015555085267643 0.32106984344914740737 
0.02897766372197226048 0.78519150075030141878 0.18583083552772644564 
0.01523105956322374013 0.81868866188937394757 0.16608027854740214924 
0.04460948142994524551 0.88056234522149667843 0.07482817334855791647 
0.03541970904586065616 0.75328849865384217566 0.21129179230029720982 
0.04774189297875223309 0.84222503476013366175 0.11003307226111427863 
0.03608058808674802220 0.80130261710648853501 0.16261679480676352605 
0.02034690481542390100 0.82319179544041365393 0.15646129974416245201 
0.03625812083597052676 0.87743124400395000606 0.08631063516007951575 
0.00000000100000000000 0.74328060879764246138 0.25671939020235745588 
0.01273031885089220480 0.82170919855090029937 0.16556048259820765889 
0.06437781684664796444 0.90715536049691181120 0.02846682265644013068 
0.04308637788724339890 0.89370416092350668524 0.06320946118924999912 
0.00000000099999999999 0.71567267341184293006 0.28432732558815720925 
0.00000000099999999999 0.49797623109970479138 0.50202376790029512588 
0.02428928548386280473 0.74412707126844734873 0.23158364324768984654 
0.00000000100000000000 0.65107243084606414296 0.34892756815393599634 
0.00000000100000000000 0.76980793209096032292 0.23019206690903967760 
0.04816260229079279837 0.84626557452271067294 0.10557182318649649400 
0.02484559794864882667 0.78273293679523103794 0.19242146525612005559 
0.05513466212408739409 0.93048902037265390774 0.01437631750325872940 
0.04136086155211143867 0.93587937884533733968 0.02275975960255125288 
0.03288142790378791036 0.91348547514889377741 0.05363309694731823590 
0.05607784249113967334 0.92730893753667265056 0.01661321997218766569 
0.02769313565744610517 0.85907514423260378233 0.11323172010995012637 
0.00000000099999999999 0.65013341302036864455 0.34986658597963132822 
0.02973876193011610117 0.82817483927396606802 0.14208639879591791755 
0.00000000099999999999 0.66860106318835443862 0.33139893581164558967 
0.00000000099999999999 0.62104979821543904173 0.37895020078456087553 
0.01615603081823566850 0.86285970073526152557 0.12098426844650284062 
0.00000000099999999999 0.68597302961609640803 0.31402696938390362025 
0.00000000100000000000 0.74860245682959247748 0.25139754217040755080 
0.00000000099999999999 0.58843534013688247875 0.41156465886311743851 
0.01567139353942884408 0.76263507382117401434 0.22169353263939717280 
0.09589265132187399510 0.90410734767812606094 0.00000000100000000000 
0.07384944601114915019 0.92614772296094660664 0.00000283102790424086 
0.01366456514450359490 0.73750073282431971577 0.24883470203117680208 
0.00432907497666167127 0.79989376942781376112 0.19577715559552452684 
0.02491040657328235167 0.87896757660622182318 0.09612201682049575924 
0.06143050831953027896 0.90134490516440990415 0.03722458651605992791 
0.01895568235578097907 0.74981320460474909506 0.23123111303946988770 
0.09162471507884667465 0.90837528392115329812 0.00000000099999999999 
0.04120468703854034825 0.88612040560098725983 0.07267490736047230171 
0.03108087254370401134 0.78618558280689843087 0.18273354464939761677 
0.00000483849212892284 0.67337857906072984271 0.32661658244714120158 
0.00035298877525051584 0.77728195074730122016 0.22236506047744833414 
0.03183729516508794488 0.75689378445130495177 0.21126892038360706172 
0.00000000100000000000 0.71299006001457532200 0.28700993898542470628 
0.00000000099999999999 0.71961590352858240127 0.28038409547141773803 
0.06156923180252862893 0.79496836484045707572 0.14346240335701435087 
0.00000000100000000000 0.68231595020053470435 0.31768404879946537944 
0.02887397963303342183 0.87257999392230112257 0.09854602644466536887 
0.00000000099999999999 0.70630074766183870150 0.29369925133816132679 
0.06542852503927255869 0.86471649711682407879 0.06985497784390343190 
0.05665142003466241277 0.79015701413798511421 0.15319156582735238281 
0.05711109601281091908 0.87647614488057401516 0.06641275910661505189 
0.01458850661435501413 0.76612176631296013962 0.21928972707268490350 
0.00000000100000000000 0.72225640265796209327 0.27774359634203793501 
0.01895878778596283773 0.87376656101783778396 0.10727465119619930545 
0.00000000100000000000 0.75706516188191130823 0.24293483711808883108 
0.00000000099999999999 0.63786876819985205422 0.36213123080014791855 
0.00013492319596123564 0.74987819530361121689 0.24998688150042749911 
0.00000000099999999999 0.60623640847944382237 0.39376359052055626142 
0.00000000100000000000 0.70419732216535957381 0.29580267683464034345 
0.00000000099999999999 0.59182054573513265261 0.40817945326486737567 
0.01320669082710644246 0.76683200348427937865 0.21996130568861407828 
0.00551892965379457805 0.84974408334047302205 0.14473698700573242593 
0.02220701419194644199 0.75927053879431405381 0.21852244701373949032 
0.00856032713656521005 0.88147337876306375293 0.10996629410037117580 
0.01747913327296912733 0.83219677122682900183 0.15032409550020187083 
0.07127895986722630750 0.90118698293554333478 0.02753405719723032649 
0.00714303992756036392 0.77895125458304248500 0.21390570548939724649 
0.02883302202796759334 0.88165271756388186031 0.08951426040815052554 
0.00000000100000000000 0.79948238766991464033 0.20051761133008527693 
0.04729818070260063262 0.86956157717413251618 0.08314024212326674712 
0.00000000099999999999 0.79193889854059540401 0.20806110045940467979 
0.01967071139319959833 0.79022042586480567561 0.19010886274199476076 
0.04610547633440059689 0.93982739271852389074 0.01406713094707546553 
0.02342604031130946993 0.75680031972043459998 0.21977363996825591275 
0.00000000100000000000 0.70250301885048560546 0.29749698014951453384 
0.01803569373557244518 0.78282172660817739285 0.19914257965625026259 
0.00038997556603511947 0.75257439878725407301 0.24703562564671083246 
0.04111382685897742306 0.81652446221430086126 0.14236171092672161853 
0.02214173939510226743 0.87027556630673974514 0.10758269429815792151 
0.00015751776463095675 0.69856158000408907771 0.30128090223127990122 
0.08282118515626865629 0.90895332488476199284 0.00822548995896938383 
0.04406623821235719496 0.87942796153950597571 0.07650580024813678770 
0.05762593245053577312 0.88092595802681572525 0.06144810952264850162 
0.06086866568771816255 0.88162719988036797325 0.05750413443191391277 
0.01635036048578685300 0.77572095869409329882 0.20792868082011981001 
0.00000000099999999999 0.67467825995837582553 0.32532173904162414724 
0.04264374426839229876 0.85478011976196766053 0.10257613596964018643 
0.00000000099999999999 0.60977521661470013292 0.39022478238529989536 
0.00000000100000000000 0.76360434555543232893 0.23639565344456775486 
0.03623353684081041803 0.80427509803712637915 0.15949136512206321670 
0.01862294023721803443 0.73682486222529686160 0.24455219753748505540 
0.00651087901731101266 0.82155936210644464612 0.17192975887624431519 
0.00000000099999999999 0.56606759274319673469 0.43393240625680334910 
0.00000000100000000000 0.57617482138180275975 0.42382517761819721303 
0.00000000099999999999 0.46100396094728973706 0.53899603805271023571 
0.00000000099999999999 0.63300882639562305876 0.36699117260437691401 
0.00000000099999999999 0.46125709896418704004 0.53874290003581293274 
0.00000000099999999999 0.46984344043388864831 0.53015655856611132446 
0.00000000099999999999 0.56586845172719857366 0.43413154727280128808 
0.03302351608436358832 0.82685794293834236068 0.14011854097729403712 
0.00907032537273103762 0.79199715255657421320 0.19893252207069475612 
0.05213877606690297400 0.93266715792652987727 0.01519406600656714179 
0.03215941995785687180 0.89424567181938829918 0.07359490822275482902 
0.00000000100000000000 0.77013484863740089281 0.22986515036259921874 
0.00652891656454187772 0.73994419667579125477 0.25352688675966700282 
0.06751244198152535347 0.89919122513404292629 0.03329633288443181044 
0.01638355091143302300 0.83212440395934561543 0.15149204512922143095 
0.03474896216575253105 0.91129403539955144975 0.05395700243469597063 
0.02762045549664712482 0.70055976152484056296 0.27181978297851244752 
0.08927451125798779863 0.91072548774201222965 0.00000000099999999998 
0.06582584658502182995 0.93417415144747839584 0.00000000196749969269 
0.05474457657952117723 0.94525542242047866370 0.00000000099999999999 
0.06879643581967330446 0.90914270433243671299 0.02206085984788994092 
0.06797206686952710075 0.86561698391180830203 0.06641094921866451395 
0.00828486800764653177 0.78415592602160189006 0.20755920597075150358 
0.05340679633969396684 0.84218975773199711288 0.10440344592830898274 
0.05272133503810161326 0.90872903065273380463 0.03854963430916465150 
0.05427469962000874143 0.92604091963056311965 0.01968438074942805566 
0.00000000100000000000 0.82642325999219934385 0.17357673900780085097 
0.05335134215036104605 0.85354668272680045416 0.09310197512283852062 
0.00449655521889821743 0.73098206356605188727 0.26452138121504997770 
0.00000000100000000000 0.64798504204038342991 0.35201495695961670940 
0.00331266317142976012 0.81558934769875579551 0.18109798912981439623 
0.01489332501784265857 0.73625648931516285423 0.24885018566699454445 
0.00542068706051327884 0.82394955963654492592 0.17062975330294188892 
0.02748272503004967060 0.89476570631806684464 0.07775156865188351252 
0.00000000099999999999 0.59870679178337449233 0.40129320721662548044 
0.00000000099999999999 0.71826338735869221797 0.28173661164130769929 
0.00000000099999999999 0.63421325994300437046 0.36578673905699565783 
0.00000000100000000000 0.65682883837885563949 0.34317116062114444430 
0.73979943190336605596 0.00000000099999999998 0.26020056709663391681 
0.70136499629644277753 0.00000000099999999997 0.29863500270355730626 
0.63734278413794365203 0.00000000099999999997 0.36265721486205643176 
0.59563531835120719915 0.00000000099999999997 0.40436468064879282913 
0.66264830204449920448 0.00000000099999999997 0.33735169695550087932 
0.66328872287809936825 0.00000000099999999997 0.33671127612190066003 
0.58288561361942647920 0.00000000099999999997 0.41711438538057343806 
0.69178053389959570652 0.00000000099999999997 0.30821946510040426626 
0.75190422138553247855 0.00000000099999999997 0.24809577761446752198 
0.83132671575793171126 0.00000000099999999998 0.16867328324206815049 
0.74549307496646288751 0.00000000099999999998 0.25450692403353719628 
0.67320098932066063657 0.00000000099999999998 0.32679900967933944722 
0.74089420033593234027 0.00000000099999999997 0.25910579866406763250 
0.76504172491975941384 0.00000000099999999997 0.23495827408024064220 
0.80126841770529844133 0.00000000099999999998 0.19873158129470155919 
0.65798583076644301393 0.00000000099999999997 0.34201416823355706986 
0.80703982214953984275 0.00000000099999999998 0.19296017685046004675 
0.99999999799999994554 0.00000000099999999999 0.00000000099999999999 
0.99611471145701047103 0.00388528754298936730 0.00000000100000000000 
0.94850348638797110645 0.00000000099999999998 0.05149651261202889407 
0.75927890850310375548 0.00000000099999999998 0.24072109049689624505 
0.71982792861213729108 0.00000000099999999997 0.28017207038786279272 
0.59245718297140315123 0.00000000099999999997 0.40754281602859676603 
0.51851295144678444249 0.00000000099999999997 0.48148704755321553028 
0.56591107186970845966 0.00000000099999999997 0.43408892713029162413 
0.78315928459741102063 0.00000000099999999998 0.21684071440258886887 
0.59726484182699757230 0.00000000099999999997 0.40273515717300245598 
0.59686611528297439655 0.00000000099999999998 0.40313388371702568724 
0.95087720579054368919 0.00000000099999999999 0.04912279320945626276 
0.90450521778656056693 0.00000000099999999998 0.09549478121343939196 
0.99999999799999994554 0.00000000099999999999 0.00000000099999999999 
0.95267757799078889303 0.00000000099999999999 0.04732242100921121158 
0.65166433133951839896 0.00000000099999999998 0.34833566766048162933 
0.82038141493335814403 0.00000000099999999997 0.17961858406664174548 
0.81420924849649778388 0.00000000099999999997 0.18579075050350232767 
0.92768167860094430388 0.00000000099999999997 0.07231832039905577991 
0.76350058067760884217 0.00000000099999999998 0.23649941832239110284 
0.70732117392766091779 0.00000000099999999998 0.29267882507233911049 
0.78740065555090121840 0.00000000099999999998 0.21259934344909883763 
0.62895421012754260115 0.00000000099999999997 0.37104578887245737162 
0.72664979895589298931 0.00000000099999999997 0.27335020004410715000 
0.58609435712636359650 0.00000000099999999997 0.41390564187363648729 
0.77455193987199455474 0.00000000099999999997 0.22544805912800536252 
0.64805860608232601638 0.00000000099999999997 0.35194139291767406741 
0.85340988220176250412 0.00000000099999999998 0.14659011679823760743 
0.85340319665541153338 0.00000000099999999998 0.14659680234458849490 
0.88274196313160480099 0.00000000099999999998 0.11725803586839517179 
0.79625767735850505602 0.00000000099999999998 0.20374232164149486124 
0.89243537247036186510 0.00000000099999999998 0.10756462652963820481 
0.82648174215927205921 0.00000000099999999998 0.17351825684072796907 
0.73105967415533568143 0.00000000099999999998 0.26894032484466434685 
0.78481479956285293831 0.00000000099999999998 0.21518519943714714548 
0.80844176380950305560 0.00000000099999999998 0.19155823519049694492 
0.73291794739638338463 0.00000000099999999998 0.26708205160361675468 
0.72112555997156069232 0.00000000099999999997 0.27887443902843939147 
0.81353242008333914725 0.00000000099999999999 0.18646757891666074225 
0.91699098857037619759 0.00000000099999999998 0.08300901042962387233 
0.89063025475960011512 0.00000000099999999998 0.10936974424039989928 
0.84226785375801072053 0.00000000099999999998 0.15773214524198930775 
0.78198039589488466117 0.00000000099999999998 0.21801960310511533936 
0.65011836367248110324 0.00000000099999999998 0.34988163532751886953 
0.64471271756312620305 0.00000000099999999998 0.35528728143687382524 
0.71656858175016802104 0.00000000099999999998 0.28343141724983195173 
0.70578372135150790889 0.00000000099999999998 0.29421627764849211939 
0.61991690598830928582 0.00000000099999999998 0.38008309301169074246 
0.59394481816587685330 0.00000000099999999997 0.40605518083412311947 
0.58819351585670942573 0.00000000099999999998 0.41180648314329054704 
0.55770312086817486197 0.00000000099999999997 0.44229687813182511080 
0.71839910651069405212 0.00000000099999999998 0.28160089248930586514 
0.72491299909831108383 0.00000000099999999998 0.27508699990168899996 
0.85030579299829323059 0.00000000099999999998 0.14969420600170690872 
0.61995003985567209703 0.00000000099999999998 0.38004995914432793125 
0.63483116883074353076 0.00000000099999999998 0.36516883016925644201 
0.63967556804424341443 0.00000000099999999998 0.36032443095575666936 
0.65886767612226837532 0.00000000099999999998 0.34113232287773159745 
0.67209039898619549191 0.00000000099999999997 0.32790960001380459188 
0.73914676029975712179 0.00000000099999999998 0.26085323870024285098 
0.99999999799999994554 0.00000000099999999999 0.00000000099999999999 
0.90570641649848793175 0.00000000099999999999 0.09429358250151215204 
0.75736702532081578987 0.00000000099999999998 0.24263297367918429392 
0.99999999799999994554 0.00000000099999999998 0.00000000099999999998 
0.76977611753998820276 0.00000000099999999998 0.23022388146001193654 
0.69971159539201044364 0.00000000099999999998 0.30028840360798969567 
0.57236161671810192875 0.00000000099999999998 0.42763838228189815505 
0.90600758727749919341 0.00000000099999999998 0.09399241172250070997 
0.78600547076374327471 0.00000000099999999998 0.21399452823625672582 
0.72043035593484106016 0.00000000099999999998 0.27956964306515896812 
0.66646175417300856925 0.00000000099999999998 0.33353824482699140352 
0.64243940145546452047 0.00000000099999999998 0.35756059754453556332 
0.61638362030368731848 0.00000000099999999997 0.38361637869631265430 
0.61350238057225237043 0.00000000099999999997 0.38649761842774749132 
0.77653122551070075108 0.00000000099999999998 0.22346877348929916618 
0.64327499843030633286 0.00000000099999999997 0.35672500056969380644 
0.69402872076965171910 0.00000000099999999998 0.30597127823034842020 
0.76877839900361688574 0.00000000099999999998 0.23122159999638319805 
0.68283245796918734527 0.00000000099999999997 0.31716754103081262750 
0.74472742004374037350 0.00000000099999999998 0.25527257895625965478 
0.75060746172491388251 0.00000000099999999998 0.24939253727508628455 
0.71649780967568410528 0.00000000099999999998 0.28350218932431581198 
0.69374656966784031820 0.00000000099999999997 0.30625342933215976560 
0.66429013891791344193 0.00000000099999999997 0.33570986008208664186 
0.69384888404688271901 0.00000000099999999997 0.30615111495311730927 
0.75320895629781126068 0.00000000099999999997 0.24679104270218885087 
0.60856254957369748659 0.00000000099999999997 0.39143744942630254169 
0.64037023422503092096 0.00000000099999999998 0.35962976477496916283 
0.80525072727002078299 0.00000000100000000000 0.19474927172997910652 
0.70757693792745801620 0.00000000099999999998 0.29242306107254206760 
0.93573987295483351811 0.00000000099999999998 0.06426012604516655180 
0.61672809832759867277 0.00000000099999999997 0.38327190067240135551 
0.68314367525544261728 0.00000000099999999997 0.31685632374455746652 
0.69766986646029149899 0.00000000099999999997 0.30233013253970858480 
0.50998637823616976839 0.00000000099999999997 0.49001362076383037092 
0.61913259783056995289 0.00000000099999999997 0.38086740116943007539 
0.56660272733239391840 0.00000000099999999997 0.43339727166760616539 
0.65021851625165782984 0.00000000099999999998 0.34978148274834230946 
0.68684956645911721118 0.00000000099999999997 0.31315043254088281710 
0.69540366773868611538 0.00000000099999999998 0.30459633126131396841 
0.80205856451636137194 0.00000000099999999998 0.19794143448363860083 
0.82965080878350050408 0.00000000099999999998 0.17034919021649938542 
0.70325176125688393380 0.00000000099999999998 0.29674823774311609448 
0.78910903989749336951 0.00000000099999999998 0.21089095910250657551 
0.67495288164618016946 0.00000000099999999998 0.32504711735381974780 
0.46867587054640524880 0.00000000099999999998 0.53132412845359477949 
0.81858082602228365854 0.00000000099999999998 0.18141917297771639750 
0.99215744248384296622 0.00000000099999999999 0.00784255651615711757 
0.99999999800000005656 0.00000000099999999999 0.00000000099999999999 
0.99824914283757393285 0.00175085616242606789 0.00000000100000000000 
0.99043958466616699443 0.00000000099999999998 0.00956041433383311365 
0.98905112296842356834 0.00000000099999999999 0.01094887603157648423 
0.99999999799999994554 0.00000000099999999999 0.00000000099999999999 
0.96032318429477869781 0.00000000099999999998 0.03967681470522129578 
0.92922212995290498494 0.00000000099999999999 0.07077786904709500171 
0.93921817609069702115 0.00000000099999999999 0.06078182290930300713 
0.92926252308634438304 0.00000000099999999998 0.07073747591365550647 
0.95140189073277947607 0.00000000099999999999 0.04859810826722042038 
0.70727569812728785514 0.00000000099999999998 0.29272430087271222865 
0.73488325354947348078 0.00000000099999999997 0.26511674545052654750 
0.73071806314779541580 0.00000000099999999998 0.26928193585220472350 
0.63869695192076869628 0.00000000099999999997 0.36130304707923116547 
0.72970615382966030893 0.00000000099999999998 0.27029384517033960833 
0.80576848286898450358 0.00000000099999999998 0.19423151613101552471 
0.79242647561644019572 0.00000000099999999998 0.20757352338355969379 
0.72247605433726780344 0.00000000099999999997 0.27752394466273216933 
0.84553728472120681658 0.00000000099999999998 0.15446271427879329496 
0.96247077266019931407 0.00000000099999999999 0.03752922633980067951 
0.95261409194091817287 0.00000000099999999998 0.04738590705908177908 
0.97822360972302646598 0.00000000099999999998 0.02177638927697366639 
0.79915499288653046861 0.00000000099999999998 0.20084500611346950416 
0.89393372139392712761 0.00000000099999999998 0.10606627760607283129 
0.80602356212656989243 0.00000000099999999998 0.19397643687343008034 
0.83361757472626885068 0.00000000099999999998 0.16638242427373112209 
0.79320835734629480118 0.00000000099999999998 0.20679164165370528261 
0.79513733489666704735 0.00000000099999999998 0.20486266410333289767 
0.98008025649345731356 0.00000000099999999999 0.01991974250654278064 
0.99999999800000005656 0.00000000099999999998 0.00000000099999999998 
0.96783814852440941401 0.00000000100000000000 0.03216185047559051019 
