0.37243009591771764066 0.01356751875230424037 0.61400238532997808427 
0.04731060439094737780 0.07010049760852399281 0.88258889800052864327 
0.07270042810595811478 0.05684761376510267389 0.87045195812893916276 
0.37449166536636985247 0.00006252164776755422 0.62544581298586265916 
0.13768186295161435884 0.03275616989625123460 0.82956196715213437187 
0.13322181443224143105 0.04752664477508520419 0.81925154079267337170 
0.00162484431097807106 0.07820019912249832894 0.92017495656652359415 
0.00000000100000000000 0.06888475872831856250 0.93111524027168146578 
0.00265852577295152106 0.09699441523881509319 0.90034705898823330639 
0.00000000099999999999 0.08661714481405657917 0.91338285418594344911 
0.00000000100000000000 0.08575852851039934832 0.91424147048960069384 
0.05053537517017400033 0.04359929963162285926 0.90586532519820317511 
0.00000000100000000000 0.09913556046511237674 0.90086443853488762379 
0.03461410876607937809 0.06488818459398087990 0.90049770663993966568 
0.06115026601565581865 0.08722219057222828364 0.85162754341211588383 
0.27600784551704116154 0.03264428882455056719 0.69134786565840822270 
0.21765897771379177916 0.01899233717533723234 0.76334868511087106135 
0.11735109947655869567 0.02740543749694548600 0.85524346302649578710 
0.06539704436196872028 0.07375326652802788319 0.86084968911000347980 
0.05199252072334784036 0.09794521425369381862 0.85006226502295834102 
0.09567732749031915285 0.05359207651225782187 0.85073059599742306691 
0.15840407517531654435 0.06573490118528368953 0.77586102363939979387 
0.05471236382709816076 0.06708547922623647741 0.87820215694666547979 
0.00000233845324803174 0.08000188969097105085 0.91999577185578096383 
0.00000000100000000000 0.10317403256352285223 0.89682596643647716217 
0.06425875529607595615 0.04732615217116425965 0.88841509253275985358 
0.08949443121149761038 0.04774879499315549947 0.86275677379534687628 
0.03170169596361035319 0.02652442047814350737 0.94177388355824609434 
0.01827992493367317298 0.10523914547126790586 0.87648092959505885524 
0.01823832089967048278 0.10588172895235098414 0.87587995014797848103 
0.26239183312012220872 0.05092891768000256530 0.68667924919987510801 
0.26876390673408689924 0.00992736204586301685 0.72130873122005001452 
0.32114745501972957742 0.00653213885871651179 0.67232040612155385961 
0.34580176133729889631 0.00976366294938932865 0.64443457571331186351 
0.19093568647822348194 0.03014488869230061083 0.77891942482947584825 
0.31829810659639246051 0.00557321822548223055 0.67612867517812536011 
0.00000000100000000000 0.08407075738485836336 0.91592924161514166492 
0.26607228551227701807 0.03993983132871414821 0.69398788315900894474 
0.43864465332304958256 0.00000000099999999999 0.56135534567695033470 
0.35263066486090821616 0.00000000099999999999 0.64736933413909181212 
0.28194907647944122964 0.01152684538395076265 0.70652407813660811353 
0.33024848400522965886 0.00472312967011061843 0.66502838632465977042 
0.16072188129409697988 0.01460576763246368252 0.82467235107343928036 
0.32642069391329936456 0.00000000100000000000 0.67357930508670060821 
0.34992233110682224861 0.00000000099999999999 0.65007766789317766865 
0.11576670123896949660 0.05896956375340572237 0.82526373500762484348 
0.02551356802959891396 0.18460447074550714874 0.78988196122489395812 
0.00000000099999999999 0.09233830735156738079 0.90766169164843257811 
0.04435353819206953180 0.06597154860760282014 0.88967491320032765501 
0.06354636518666430256 0.06087344263416379769 0.87558019217917193444 
0.03040461602723403337 0.06135765401284488940 0.90823772995992091417 
0.13481017781775089803 0.03453901269835264742 0.83065080948389646842 
0.13408783451744768489 0.06098753658682144752 0.80492462889573090923 
0.12478043316359677117 0.04524846677375327780 0.82997110006264995796 
0.36671665175284440252 0.00000000099999999999 0.63328334724715562576 
0.42149659629415570095 0.00000000099999999999 0.57850340270584432734 
0.36338381524969010083 0.00000000099999999999 0.63661618375030981642 
0.07085613124826656284 0.05920868123654493553 0.86993518751518861265 
0.37210709290855825682 0.00000000099999999999 0.62789290609144166044 
0.22856741547860859320 0.02605056933795367458 0.74538201518343782936 
0.46386653719007681085 0.00000000099999999999 0.53613346180992316192 
0.25541504227617045641 0.00614789349438570835 0.73843706422944388468 
0.24275807697257886786 0.02544624364678955628 0.73179567938063161403 
0.30632389336453968998 0.02602753910585878239 0.66764856752960155539 
0.28985365183077893558 0.00000000100000000000 0.71014634716922109270 
0.35218250832034869724 0.00000000099999999999 0.64781749067965133104 
0.20767657230478320241 0.00618516519714981759 0.78613826249806706414 
0.24516982407762252794 0.01299201457794789752 0.74183816134442970291 
0.23901732023525024129 0.00466902263209150337 0.75631365713265819029 
0.28918978824976188102 0.00000000100000000000 0.71081021075023820277 
0.13729961931708922762 0.04799758066762444680 0.81470280001528638802 
0.36593212312920753160 0.00013850960794897999 0.63392936726284343507 
0.44686498801471230546 0.00000000099999999999 0.55313501098528761180 
0.34402709305834655584 0.00000000100000000000 0.65597290594165336142 
0.24823357627984374285 0.00868617239261284223 0.74308025132754340625 
0.41160817541211675019 0.00000000099999999999 0.58839182358788311156 
0.35418980214700818143 0.00000000100000000000 0.64581019685299190236 
0.28248195498492867372 0.01404930834023229366 0.70346873667483900139 
0.27172158452078609692 0.00694430972568493669 0.72133410575352907568 
0.20275010162625475840 0.01235369813120302564 0.78489620024254214137 
0.00000000099999999999 0.08094061597082416459 0.91905938302917589144 
0.17996693737492691634 0.05867258096036541415 0.76136048166470771115 
0.23423533468039239858 0.00467648482847854170 0.76108818049112914039 
0.08066623119209559434 0.11033309088546057464 0.80900067792244378939 
0.03662833559036419995 0.11482609240339988754 0.84854557200623592639 
0.13104375856868308303 0.07333202775706612608 0.79562421367425073537 
0.26890383948340468301 0.00000000100000000000 0.73109615951659523425 
0.33546403434330418492 0.00346008782980982560 0.66107587782688603806 
0.13587485266929175132 0.05224465549948875687 0.81188049183121957508 
0.25095611587487581806 0.04036278055768260237 0.70868110356744162814 
0.38926452658703891707 0.00000000100000000000 0.61073547241296100019 
0.15685093990139417630 0.04580745588877507823 0.79734160420983080098 
0.14155662795355455907 0.04332088396790332446 0.81512248807854204014 
0.30292407349613936773 0.00000000099999999999 0.69707592550386054953 
0.35924995799385955886 0.00000000100000000000 0.64075004100614052494 
0.30760362051548484352 0.00841779730279622676 0.68397858218171891931 
0.27477266462369892563 0.01577856553169471043 0.70944876984460636393 
0.34876112735627695649 0.00000000099999999999 0.65123887164372307179 
0.34474150886484694611 0.00000000099999999999 0.65525849013515313768 
0.51146422910891364833 0.00000000099999999999 0.48853576989108643547 
0.42165224317661370579 0.00000000099999999999 0.57834775582338637800 
0.38014069349884804794 0.00000000099999999999 0.61985930550115198034 
0.16924728753684101235 0.02997481377971695019 0.80077789868344206869 
0.22338421033277325312 0.03255357689697118556 0.74406221277025563765 
0.24803457740285850264 0.00662606421674479494 0.74533935838039666599 
0.42499025922342603678 0.00000000100000000000 0.57500973977657399150 
0.15784575289059635250 0.04619907764260854088 0.79595516946679500947 
0.27366423407998297090 0.05889376523103859173 0.66744200068897840961 
0.10590363503038927040 0.03109738406409082515 0.86299898090551985241 
0.23053997296840131326 0.01734587175466279982 0.75211415527693603611 
0.20931141236209915846 0.00000000100000000000 0.79068858663790098085 
0.30659394180282539821 0.00065610876660869078 0.69274994943056589225 
0.21827818209163060703 0.10174444508113891783 0.67997737282723047514 
0.29936787722148033852 0.00699114580100902022 0.69364097697751070370 
0.39546677744376806940 0.00000000099999999999 0.60453322155623201439 
0.26625916253330506045 0.03016299957245822255 0.70357783789423677945 
0.11672608952466528853 0.04718641337825400101 0.83608749709708074516 
0.04543995930209440703 0.08015881022522799992 0.87440123047267748202 
0.24214777643196286339 0.00963660916609150077 0.74821561440194561676 
0.29380723055563101598 0.00005169574422946947 0.70614107370013956544 
0.16789066034691935148 0.03363329922555514939 0.79847604042752540199 
0.21473631063017475928 0.00325655319602885301 0.78200713617379646880 
0.22245450895043913930 0.01367625726079743816 0.76386923378876347979 
0.22238940084120015217 0.01820231062748492099 0.75940828853131503440 
0.26324497446809425050 0.02800157140566500100 0.70875345412624080055 
0.32733883002540192786 0.00000000099999999999 0.67266116897459804491 
0.00000000099999999999 0.16736312861108212924 0.83263687038891787129 
0.00000000099999999999 0.09082119855749834492 0.90917880044250154459 
0.00000000100000000000 0.07537486835733642199 0.92462513064266360630 
0.00000000100000000000 0.09348196590958039731 0.90651803309041956158 
0.11478961237529333728 0.04156354399099580765 0.84364684363371089670 
0.22459217217778207343 0.00290803794557725585 0.77249978987664058572 
0.32983224848585940281 0.00000012117367908966 0.67016763034046145098 
0.18186903151862199302 0.02094504476767638027 0.79718592371370156080 
0.35562101818214059135 0.00000000099999999999 0.64437898081785938142 
0.34564060637577159740 0.01320108537640795471 0.64115830824782049646 
0.36787250239544749819 0.00000000100000000000 0.63212749660455247458 
0.12063744768658717088 0.04243910603960077826 0.83692344627381198841 
0.30751680076048826251 0.00000000099999999999 0.69248319823951154373 
0.22262204376884034418 0.01784436467614324701 0.75953359155501642963 
0.34836239870668023189 0.00000000099999999999 0.65163760029331974089 
0.22147925706821766645 0.00902479938714980182 0.76949594354463268786 
0.43528292389763306725 0.00000000099999999999 0.56471707510236690553 
0.45829251467115977858 0.00000000099999999999 0.54170748432884030521 
0.48835487446761827179 0.00000000099999999999 0.51164512453238164547 
0.31926233821744398611 0.00000000100000000000 0.68073766078255604217 
0.62228624705857926713 0.00000000099999999999 0.37771375194142087217 
0.28873392509132878025 0.00000000100000000000 0.71126607390867113700 
0.19087127475759843587 0.03899567305384358390 0.77013305218855787615 
0.15973398889984288807 0.03951971750261960153 0.80074629359753757285 
0.38608634294633237261 0.00000000100000000000 0.61391365605366754465 
0.30966774988829409709 0.00000000100000000000 0.69033224911170587568 
0.24899625611171088968 0.03551266108787588804 0.71549108280041329166 
0.18995620620414296886 0.03165476594356606693 0.77838902785229091563 
0.14492406851101938270 0.03881222081082035674 0.81626371067816028138 
0.35931447919094822163 0.00000000100000000000 0.64068551980905175114 
0.35504860933628229480 0.00000000099999999999 0.64495138966371767797 
0.34981604877224364847 0.00000000099999999999 0.65018395022775621328 
0.25467662819781838879 0.00090920379389075178 0.74441416800829074418 
0.19508941696743320460 0.02228378276469746358 0.78262680026786923815 
0.02198902218191286020 0.17044724094224220079 0.80756373687584481758 
0.01067533957278051816 0.05766697835515220000 0.93165768207206733909 
0.00015673367307723025 0.18742597392286383662 0.81241729240405891055 
0.19142630868924950804 0.01354910402598286968 0.79502458728476754768 
0.11537883973825337203 0.03480017648901977123 0.84982098377272674572 
0.33498349466550958464 0.00000000099999999999 0.66501650433449033262 
0.27215592220353657105 0.00000000100000000000 0.72784407679646334621 
0.31139766853398298529 0.00000000100000000000 0.68860233046601693196 
0.17836286982897378572 0.00000000100000000000 0.82163712917102627031 
0.27525427052471207467 0.00000000099999999999 0.72474572847528795361 
0.25806672284841908338 0.00000000100000000000 0.74193327615158100041 
0.38028427965933275789 0.00000000099999999999 0.61971571934066704834 
0.31288208222423996574 0.00000000099999999999 0.68711791677575995152 
0.33571312768595545917 0.00000000099999999999 0.66428687131404451360 
0.51750415570064167703 0.00000000099999999999 0.48249584329935829574 
0.31106719585775421955 0.00131709579132995047 0.68761570835091578857 
0.01773398445313486074 0.09508515093600562740 0.88718086461085943206 
0.00000000100000000000 0.07539847799389130800 0.92460152100610859538 
0.00000000099999999999 0.07821582410994527834 0.92178417489005470831 
0.00000000100000000000 0.09347193881389605219 0.90652806018610410099 
0.20992957260050332247 0.00105187431146363023 0.78901855308803303668 
0.00000000100000000000 0.07985378543234075699 0.92014621356765924354 
0.00000000100000000000 0.09237137985982496469 0.90762861914017511911 
0.01533573334137350135 0.07027918965362575654 0.91438507700500071262 
0.26986811416167888478 0.00000000100000000000 0.73013188483832103248 
0.07693633616858551461 0.06915261422688488702 0.85391104960452957062 
0.18400737717289220030 0.02451598758453053459 0.79147663524257727552 
0.31806468229059875474 0.00000000100000000000 0.68193531670940132905 
0.26027000716670012359 0.00000000099999999999 0.73972999183329990469 
0.16284842035415000860 0.03486102598294237714 0.80229055366290769058 
0.20787065969121959474 0.00000002374942772700 0.79212931655935259201 
0.27341554414548052687 0.00000000100000000000 0.72658445485451939039 
0.10888820019403290529 0.05969733104539690777 0.83141446876057023552 
0.02496028578455237318 0.05123126342171505782 0.92380845079373263840 
0.00000000099999999999 0.10225565109766536487 0.89774434790233470505 
0.02258919249023686945 0.06008388789934626661 0.91732691961041679107 
0.01834716251124987943 0.10372230647648279789 0.87793053101226736779 
0.07274112819415641529 0.07121349500512802466 0.85604537680071546291 
0.00000000100000000000 0.04783492333858995610 0.95216507566141006524 
0.01995084991688302056 0.07297928814998268232 0.90706986193313443589 
0.38240475016961322785 0.00000000099999999999 0.61759524883038685594 
0.35594996218527841236 0.00000000100000000000 0.64405003681472150490 
0.14392792452964206507 0.02195129753775705572 0.83412077793260086533 
0.25051637961475364813 0.00000000099999999999 0.74948361938524632464 
0.26486714368954977772 0.01334882750392727205 0.72178402880652292595 
0.13139008069734967044 0.03607996751919937545 0.83252995178345090554 
0.35670496447625427150 0.00000000099999999999 0.64329503452374570127 
0.19744530493965192774 0.02264358281328981981 0.77991111224705833571 
0.31878450670274244283 0.00711718247579397507 0.67409831082146354220 
0.20740656816973160326 0.02969867721149424197 0.76289475461877420681 
0.14933307811499943463 0.01916110752907950951 0.83150581435592108015 
0.31823817134368298509 0.00000000100000000000 0.68176182765631698768 
0.20265342146109782684 0.02016335782833037979 0.77718322071057177602 
0.28909051853139250410 0.00000000100000000000 0.71090948046860735765 
0.40926422216192503978 0.00000000100000000000 0.59073577683807487748 
0.32429771229053838688 0.00000000099999999999 0.67570228670946153038 
0.22013037963946627262 0.01715943653686989936 0.76271018382366373434 
0.05524860207665682754 0.11040544438505835168 0.83434595353828477915 
0.29471182368359843951 0.00000000100000000000 0.70528817531640164429 
0.25289465450234610566 0.00000000214792852890 0.74710534334972533710 
0.15020365199429652758 0.03594421144571120774 0.81385213655999233406 
0.25482347452538556265 0.00643245319710123494 0.73874407227751315297 
0.22893205623789741887 0.03737672945496586796 0.73369121430713679644 
0.28099775149931549567 0.01297013205473757438 0.70603211644594676688 
0.27007900853595545598 0.00000000099999999999 0.72992099046404446128 
0.13967233281994761995 0.02635900898709899950 0.83396865819295329381 
0.14938946240956779699 0.04214716594896120855 0.80846337164147097365 
0.27368362537372653565 0.00980348401496710341 0.71651289061130640778 
0.21563653563131990332 0.00513225680003236498 0.77923120756864783232 
0.03149049474352633160 0.05836972013010802152 0.91013978512636561913 
0.35519325931633155546 0.00000000099999999999 0.64480673968366841731 
0.34642360581161085742 0.00000000100000000000 0.65357639318838911535 
0.30344132183752436926 0.00000000099999999999 0.69655867716247565902 
0.39385305908237716599 0.00000000099999999999 0.60614693991762280678 
0.27221620469295443323 0.00000000099999999999 0.72778379430704553954 
0.29975337366991772203 0.00000000099999999999 0.70024662533008230625 
0.30967945378828226621 0.00000000100000000000 0.69032054521171770656 
0.28949783776539989022 0.00000000100000000000 0.71050216123460008255 
0.34784322828629055113 0.00000000099999999999 0.65215677071370958817 
0.46874751486272187018 0.00000000099999999999 0.53125248413727799157 
0.28113263787236553171 0.00000000100000000000 0.71886736112763438555 
0.24690990255783304419 0.00642295081001677346 0.74666714663215016934 
0.17462434546047223005 0.01780604692759553062 0.80756960761193230525 
0.57913137384044321987 0.00000000099999999999 0.42086862515955686392 
0.30614466426279030031 0.00000000099999999999 0.69385533473720961695 
0.38779283587777796383 0.00000000099999999999 0.61220716312222189792 
0.37008016974755597595 0.00000000099999999999 0.62991982925244394131 
0.35113235463734554509 0.00000000099999999999 0.64886764436265453870 
0.33042847605759201324 0.00000000099999999999 0.66957152294240795953 
0.22912909211654680641 0.00000000099999999999 0.77087090688345327738 
0.34608294700846181646 0.00000000099999999999 0.65391705199153815631 
0.30886220016073295813 0.00000000099999999999 0.69113779883926695913 
0.32372016469960196439 0.00000000100000000000 0.67627983430039817492 
0.30799341195571322549 0.00000000099999999999 0.69200658704428674728 
0.39514962958243887714 0.00000000099999999999 0.60485036941756109563 
0.08135546925094663817 0.05334224162036455691 0.86530228912868889513 
0.08924998052277570426 0.04215357585772918497 0.86859644361949517322 
0.16943586394014201191 0.01106866160820983540 0.81949547445164805382 
0.24386968186894053545 0.00000000100000000000 0.75613031713105960385 
0.12072972541186843820 0.06672408344051422580 0.81254619114761728049 
0.01574289625515609345 0.05658579997660664190 0.92767130376823725424 
0.03226066405786547076 0.06572794729748439313 0.90201138864465013611 
0.13658132054870603111 0.00987839815011228202 0.85354028130118164697 
0.25174698975939580059 0.01414682493576451504 0.73410618530483984223 
0.15561580595792634529 0.05081047920168431375 0.79357371484038929932 
0.11927573515436711016 0.01392732157737264047 0.86679694326826028927 
0.23113035117004110397 0.00000000100000000000 0.76886964782995892431 
0.33759767339850188517 0.00000000099999999999 0.66240232560149825414 
0.30883984887002119413 0.00000000099999999999 0.69116015012997866762 
0.20579457416246516033 0.01622820028810104467 0.77797722554943371520 
0.23455009320507075321 0.00000000100000000000 0.76544990579492933058 
0.28625676482652978594 0.00748080057306687359 0.70626243460040338817 
0.14274017193379023860 0.01446112681358953725 0.84279870125262035252 
0.35867362989154377706 0.00000000099999999999 0.64132636910845608469 
0.44146403681407309083 0.00000000099999999999 0.55853596218592671541 
0.48967695505875052930 0.00000000099999999999 0.51032304394124949898 
0.47247130306231882590 0.00000000099999999999 0.52752869593768114687 
0.40958063948121242737 0.00000000099999999999 0.59041935951878754540 
0.45607235529246364925 0.00000000099999999999 0.54392764370753632353 
0.32014494073267996122 0.00000000099999999999 0.67985505826732006707 
0.32157913883194660931 0.00000000099999999999 0.67842086016805336346 
0.18626798595335622433 0.02900119760581295475 0.78473081644083075847 
0.16654573274289363738 0.01522541747348097468 0.81822884978362531161 
0.07521781728518751875 0.04461668346354346476 0.88016549925126896792 
0.21165671720530576660 0.03548694144459799138 0.75285634135009615875 
0.11038151919909505727 0.04778076264225863262 0.84183771815864638643 
0.16299460468494852972 0.03611914871088457712 0.80088624660416685153 
0.15689268737357234262 0.02035173483472623931 0.82275557779170149786 
0.08672602069336159125 0.03624975275762989946 0.87702422654900835663 
0.25716651784231314704 0.00000000100000000000 0.74283348115768699227 
0.16598615300692987073 0.01273378816794288118 0.82128005882512722380 
0.02884212607213809329 0.06437625605988604727 0.90678161786797584210 
0.06359742302434587269 0.04308379238854046639 0.89331878458711366786 
0.28483176417133665437 0.00000000099999999999 0.71516823482866342943 
0.50255963753786558890 0.00000000099999999999 0.49744036146213443939 
0.23197905710366825693 0.02433538036167376059 0.74368556253465800676 
0.34941054139035782056 0.00000000100000000000 0.65058945760964215221 
0.23066581757741577707 0.00000000100000000000 0.76933418142258414019 
0.10593892704861096465 0.04819016448011663456 0.84587090847127244242 
0.19280586226289422869 0.02489225756453072522 0.78230188017257507038 
0.01479569112033704212 0.05510239918090115152 0.93010190969876194167 
0.02316202904576192267 0.04132198152168902600 0.93551598943254898888 
0.05405153881750848072 0.03285428512233805332 0.91309417606015341740 
0.01698059387055982430 0.05606160080546710583 0.92695780532397320517 
0.11367084281277763103 0.02768663860455652936 0.85864251858266582573 
0.35038849638457636448 0.00000000099999999999 0.64961150261542366380 
0.14249831823739075864 0.02975662545221962121 0.82774505631038963749 
0.33191767312003600532 0.00000000099999999999 0.66808232587996396745 
0.37950072279439345246 0.00000000099999999999 0.62049927620560652031 
0.12141920837603079053 0.01613997222566538464 0.86244081939830374850 
0.31454161651679524159 0.00000000099999999999 0.68545838248320467567 
0.25187447011952784903 0.00000000100000000000 0.74812552888047212374 
0.41210970792544820984 0.00000000099999999999 0.58789029107455181844 
0.22210745012193611192 0.01569960463468913700 0.76219294524337466434 
0.00000000100000000000 0.09605399095940377052 0.90394600804059621613 
0.00001242807378066396 0.07399489892544169889 0.92599267300077758858 
0.24920874022053726704 0.01372059891883274999 0.73707066086062988930 
0.19622864886981175592 0.00431991307549708069 0.79945143805469121023 
0.09653167093680091460 0.02490461044969649942 0.87856371861350268659 
0.03753151824287666999 0.06146247503558592562 0.90100600672153752235 
0.23164468779623748063 0.01898902758160677176 0.74936628462215582047 
0.00000000099999999999 0.09173932135043663672 0.90826067764956330830 
0.07306610104636022951 0.04120074362188164141 0.88573315533175822623 
0.18311070092321377056 0.03112438834465540080 0.78576491073213095007 
0.32705627085069483018 0.00001300942844620353 0.67293071972085904964 
0.22277207564125808825 0.00038546346051057271 0.77684246089823127956 
0.21162402647593750449 0.03190097813169781582 0.75647499539236473520 
0.28749222173482341658 0.00000000100000000000 0.71250777726517644517 
0.28088005277097738421 0.00000000099999999999 0.71911994622902264407 
0.14378716076120662271 0.06164973985662714623 0.79456309938216618249 
0.31817982713112630266 0.00000000100000000000 0.68182017186887378113 
0.09895897896501576474 0.02886425088923369117 0.87217677014575045735 
0.29421920402252488280 0.00000000099999999999 0.70578079497747514548 
0.07017949573944147479 0.06547655164338107847 0.86434395261717733572 
0.15351261709305949466 0.05672918063063546457 0.78975820227630499915 
0.06677528724818779238 0.05713076136981678349 0.87609395138199541719 
0.21970606833237427136 0.01461714068711452222 0.76567679098051111275 
0.27820243325095694864 0.00000000100000000000 0.72179756574904307964 
0.10771560163602494908 0.01894141832976116088 0.87334298003421384493 
0.24341984425918314350 0.00000000100000000000 0.75658015474081685703 
0.36267618007440122208 0.00000000099999999999 0.63732381892559863967 
0.25041654743948116302 0.00018401244997310351 0.74939944011054571149 
0.39430381524868884924 0.00000000099999999999 0.60569618375131106802 
0.29628190933625553338 0.00000000100000000000 0.70371808966374460592 
0.40865801413495733696 0.00000000099999999999 0.59134198486504252479 
0.22040055225057558763 0.01322314192405823173 0.76637630582536619972 
0.14517958363739003058 0.00549219156972092538 0.84932822479288905271 
0.21891501135058494265 0.02224833090026702084 0.75883665774914799140 
0.11043735650116641434 0.00852365121729382023 0.88103899228153981227 
0.15076670772906594631 0.01747169364849301618 0.83176159862244103405 
0.02787183349468743548 0.07130027051961959628 0.90082789598569290579 
0.21436190853362979691 0.00715008398024090733 0.77848800748612934086 
0.08994546579546403020 0.02881519525802262935 0.88123933894651340637 
0.20097482485923184869 0.00000000100000000000 0.79902517414076812408 
0.08348730058905254325 0.04732806695370581074 0.86918463245724164601 
0.20856661846619983791 0.00000000099999999999 0.79143338053380030139 
0.19052901898588689433 0.01968800367898566536 0.78978297733512747847 
0.01451566249560851118 0.04605860226814202651 0.93942573523624939291 
0.22015043300123260384 0.02347571519257390937 0.75637385180619343128 
0.29799153424547603075 0.00000000100000000000 0.70200846475452394202 
0.19955943607148721175 0.01805677792214465532 0.78238378600636804272 
0.24741571623876570940 0.00044890481954413213 0.75213537894169024689 
0.14275358110471017548 0.04114532417845017526 0.81610109471683967008 
0.10801389804577568587 0.02213120814397806155 0.86985489381024616584 
0.30169050861040641598 0.00022182126201438393 0.69808767012757921844 
0.00860812256931449936 0.08282194117086996710 0.90856993625981541385 
0.07689744562697749253 0.04407510087423126971 0.87902745349879130021 
0.06180060475203050935 0.05765550806712091414 0.88054388718084841692 
0.05788294048689297810 0.06088294137736532941 0.88123411813574159535 
0.20833145884011763926 0.01638372612749074489 0.77528481503239154993 
0.32583800144873170668 0.00000000099999999999 0.67416199755126837712 
0.10295248493836392512 0.04266997989567924282 0.85437753516595682513 
0.39077113877881419768 0.00000000099999999999 0.60922886022118571958 
0.23688755392523946908 0.00000000100000000000 0.76311244507476050369 
0.15988117507221322189 0.03626707750359158683 0.80385174742419507332 
0.24497862779926093957 0.01865759990594286974 0.73636377229479621498 
0.17238874396266570810 0.00649797777236500989 0.82111327826496927074 
0.43442006025337787101 0.00000000099999999999 0.56557993874662204625 
0.42431428535019521942 0.00000000100000000000 0.57568571364980480887 
0.53955330919352717522 0.00000000099999999999 0.46044668980647296408 
0.36748613220771297883 0.00000000099999999999 0.63251386679228704946 
0.53927889176233700930 0.00000000099999999999 0.46072110723766301899 
0.53071518381978799450 0.00000000099999999999 0.46928481518021214480 
0.43465777051623671889 0.00000000099999999999 0.56534222848376325388 
0.14052757364136647666 0.03304672247041131466 0.82642570388822222949 
0.19937674135246197249 0.00907459264075615064 0.79154866600678197575 
0.01556193947302714729 0.05212278159164149272 0.93231527893533128193 
0.07402741086559572192 0.03213965312747095460 0.89383293600693325409 
0.23036858229747020355 0.00000000100000000000 0.76963141670252965820 
0.25391041492050392403 0.00657824616840504365 0.73951133891109099849 
0.03360723705695786712 0.06754703491521951708 0.89884572802782247702 
0.15190704882531710918 0.01638719118001942532 0.83170575999466345163 
0.05437664617566047298 0.03472236612582900450 0.91090098769851046701 
0.27215662720409222741 0.02770617729910396926 0.70013719549680375476 
0.00000000099999999998 0.08934403752514497032 0.91065596147485505796 
0.00000001987722284935 0.06596037515424606201 0.93403960496853111195 
0.00000000099999999999 0.05482788942935257204 0.94517210957064745624 
0.02238602552329512288 0.06881551321746559591 0.90879846125923935407 
0.06674002081590706126 0.06801952209421982531 0.86524045708987318282 
0.20800958385171294807 0.00829299594319942227 0.78369742020508770253 
0.10476416474438741966 0.05344583016471229214 0.84179000509090018411 
0.03889791410500727936 0.05272986643584193917 0.90837221945915080923 
0.02004352448115871363 0.05426270489609301417 0.92569377062274826873 
0.17403866426122158173 0.00000000100000000000 0.82596133473877852982 
0.09342770417752103984 0.05339683811046254391 0.85317545771201630522 
0.26494121677964710404 0.00453057017848056999 0.73052821304187220974 
0.35249978572491791340 0.00000000100000000000 0.64750021327508211488 
0.18154849823348517823 0.00329902647660939219 0.81515247528990542047 
0.24923455692310586551 0.01494428930713129211 0.73582115376976287013 
0.17109001507990639901 0.00540520481203467500 0.82350478010805883144 
0.07818313974643983921 0.02746239943975149755 0.89435446081380876038 
0.40179644495182981201 0.00000000099999999999 0.59820355404817016076 
0.28222724713823266196 0.00000000099999999999 0.71777275186176725530 
0.36632413814970810062 0.00000000099999999999 0.63367586085029181664 
0.34367579237565309969 0.00000000100000000000 0.65632420662434676206 
0.25855885030272185432 0.74144114869727806294 0.00000000099999999998 
0.29699404577519911141 0.70300595322480097238 0.00000000099999999997 
0.36101739839884200434 0.63898260060115785741 0.00000000099999999997 
0.40280900067002511911 0.59719099832997490918 0.00000000099999999997 
0.33572130068757777277 0.66427869831242214449 0.00000000099999999997 
0.33505544061300090997 0.66494455838699906280 0.00000000099999999997 
0.41553498251088644144 0.58446501648911353133 0.00000000099999999997 
0.30656034054462621974 0.69343965845537380854 0.00000000099999999997 
0.24644532797385471090 0.75355467102614526187 0.00000000099999999997 
0.16696999165778025898 0.83303000734221976931 0.00000000099999999998 
0.25279566179430007500 0.74720433720569978675 0.00000000099999999998 
0.32524406522991067270 0.67475593377008924456 0.00000000099999999998 
0.25748326588718867258 0.74251673311281130019 0.00000000099999999997 
0.23333830141124353719 0.76666169758875635232 0.00000000099999999997 
0.19705007520418874045 0.80294992379581109354 0.00000000099999999998 
0.34040384323008698875 0.65959615576991292851 0.00000000099999999997 
0.19114726407587967483 0.80885273492412024243 0.00000000099999999998 
0.00000000099999999999 0.99999999800000005656 0.00000000099999999999 
0.00000000100000000000 0.99618057100549661786 0.00381942799450346593 
0.04963346524176934921 0.95036653375823065826 0.00000000099999999998 
0.23904903069893007617 0.76095096830106989660 0.00000000099999999998 
0.27850236205499573350 0.72149763694500412825 0.00000000099999999997 
0.40596145694869356646 0.59403854205130635080 0.00000000099999999997 
0.47997944694306071689 0.52002055205693931139 0.00000000099999999997 
0.43253778818334082112 0.56746221081665926267 0.00000000099999999997 
0.21515387271313871076 0.78484612628686112323 0.00000000099999999998 
0.40115736965075110554 0.59884262934924892274 0.00000000099999999997 
0.40163871944941031966 0.59836127955058959760 0.00000000099999999998 
0.04730252734411839050 0.95269747165588147819 0.00000000099999999999 
0.09366876343234660507 0.90633123556765338158 0.00000000099999999998 
0.00000000099999999999 0.99999999799999994554 0.00000000099999999999 
0.04538656216838519997 0.95461343683161481444 0.00000000099999999999 
0.34673166511259700950 0.65326833388740301878 0.00000000099999999998 
0.17789767815012241803 0.82210232084987766576 0.00000000099999999997 
0.18403180982862013537 0.81596818917137980964 0.00000000099999999997 
0.07048501112610019992 0.92951498787389963407 0.00000000099999999997 
0.23482568901203149103 0.76517430998796853725 0.00000000099999999998 
0.29108846785167363791 0.70891153114832627935 0.00000000099999999998 
0.21093959571573059342 0.78906040328426940711 0.00000000099999999998 
0.36948748763449179577 0.63051251136550823251 0.00000000099999999997 
0.27169873199080873949 0.72830126700919128879 0.00000000099999999997 
0.41233871011310918586 0.58766128888689084242 0.00000000099999999997 
0.22357348131155707627 0.77642651768844295201 0.00000000099999999997 
0.35034114832035700982 0.64965885067964301847 0.00000000099999999997 
0.14474279267946613126 0.85525720632053370274 0.00000000099999999998 
0.14476327389569049187 0.85523672510430936988 0.00000000099999999998 
0.11544359899206022013 0.88455640000793966937 0.00000000099999999998 
0.20208661209675005122 0.79791338690324997707 0.00000000099999999998 
0.10578064131721469365 0.89421935768278537626 0.00000000099999999998 
0.17176576624884518085 0.82823423275115493070 0.00000000099999999998 
0.26725015126264550780 0.73274984773735452048 0.00000000099999999998 
0.21351398236075272430 0.78648601663924722072 0.00000000099999999998 
0.18986037436057984218 0.81013962463942013059 0.00000000099999999998 
0.26542848025032378390 0.73457151874967618888 0.00000000099999999998 
0.27728732341964706931 0.72271267558035290346 0.00000000099999999997 
0.18492871476325847824 0.81507128423674146678 0.00000000099999999999 
0.08118155053105007013 0.91881844846894988876 0.00000000099999999998 
0.10746501163949029323 0.89253498736050962403 0.00000000099999999998 
0.15596817652768041329 0.84403182247231955948 0.00000000099999999998 
0.21626941718695924521 0.78373058181304078307 0.00000000099999999998 
0.34833949654204371393 0.65166050245795636986 0.00000000099999999998 
0.35372415599356188398 0.64627584300643803328 0.00000000099999999998 
0.28179895203482913102 0.71820104696517095277 0.00000000099999999998 
0.29256297039668738291 0.70743702860331247884 0.00000000099999999998 
0.37855125634433095527 0.62144874265566896199 0.00000000099999999998 
0.40451440818891826190 0.59548559081108176638 0.00000000099999999997 
0.41022965465821564779 0.58977034434178443600 0.00000000099999999998 
0.44077603170050788650 0.55922396729949197525 0.00000000099999999997 
0.27991083383493098324 0.72008916516506882299 0.00000000099999999998 
0.27345386280570138648 0.72654613619429853077 0.00000000099999999998 
0.14790097541090935218 0.85209902358909073161 0.00000000099999999998 
0.37852037945076244529 0.62147961954923758299 0.00000000099999999998 
0.36363615028915796668 0.63636384871084206161 0.00000000099999999998 
0.35870588965398580994 0.64129410934601416283 0.00000000099999999998 
0.33962965795963884208 0.66037034104036118620 0.00000000099999999998 
0.32625955373387116598 0.67374044526612875128 0.00000000099999999997 
0.25929494969567679075 0.74070504930432301549 0.00000000099999999998 
0.00000000099999999999 0.99999999800000005656 0.00000000099999999999 
0.09252503935112661726 0.90747495964887336939 0.00000000099999999999 
0.24092663721898144313 0.75907336178101847413 0.00000000099999999998 
0.00000000099999999998 0.99999999799999994554 0.00000000099999999998 
0.22853159202986370047 0.77146840697013630006 0.00000000099999999998 
0.29869659035457563068 0.70130340864542439760 0.00000000099999999998 
0.42612453063091804140 0.57387546836908198689 0.00000000099999999998 
0.09216712427865419999 0.90783287472134566176 0.00000000099999999998 
0.21234847202290993429 0.78765152697709006624 0.00000000099999999998 
0.27799575507190793511 0.72200424392809192664 0.00000000099999999998 
0.33197080534052686440 0.66802919365947299735 0.00000000099999999998 
0.35598008251530771640 0.64401991648469225638 0.00000000099999999998 
0.38206272837371657580 0.61793727062628334146 0.00000000099999999997 
0.38498546926687304826 0.61501452973312698003 0.00000000099999999997 
0.22177831190417945928 0.77822168709582051349 0.00000000099999999998 
0.35514262925981260333 0.64485736974018725842 0.00000000099999999997 
0.30436034478898060796 0.69563965421101947584 0.00000000099999999998 
0.22958693239797534069 0.77041306660202468759 0.00000000099999999998 
0.31551674755269992767 0.68448325144729993408 0.00000000099999999997 
0.25364936210143651518 0.74635063689856340208 0.00000000099999999998 
0.24773338459540339418 0.75226661440459652308 0.00000000099999999998 
0.28192358508148479546 0.71807641391851517731 0.00000000099999999998 
0.30463699829956913945 0.69536300070043088883 0.00000000099999999997 
0.33412556079316019231 0.66587443820683978046 0.00000000099999999997 
0.30449893754806722779 0.69550106145193268947 0.00000000099999999997 
0.24510131728676143315 0.75489868171323848411 0.00000000099999999997 
0.38986204850656441812 0.61013795049343544363 0.00000000099999999997 
0.35800377705297586894 0.64199622194702410383 0.00000000099999999998 
0.19312214876861527602 0.80687785023138458573 0.00000000100000000000 
0.29082433591461553934 0.70917566308538448894 0.00000000099999999998 
0.06237586625990108880 0.93762413274009892561 0.00000000099999999998 
0.38163358602261221453 0.61836641297738770273 0.00000000099999999997 
0.31517499890291400533 0.68482500009708602295 0.00000000099999999997 
0.30064353813661831571 0.69935646086338165706 0.00000000099999999997 
0.48852356036994776245 0.51147643863005209930 0.00000000099999999997 
0.37933629425656167911 0.62066370474343823815 0.00000000099999999997 
0.43183725340650164215 0.56816274559349821960 0.00000000099999999997 
0.34820467204059413202 0.65179532695940589626 0.00000000099999999998 
0.31156670011900078343 0.68843329888099924485 0.00000000099999999997 
0.30298941041602073243 0.69701058858397924034 0.00000000099999999998 
0.19631055414669482118 0.80368944485330529037 0.00000000099999999998 
0.16854984022326838233 0.83145015877673167370 0.00000000099999999998 
0.29514021966291154042 0.70485977933708843235 0.00000000099999999998 
0.20914639173557070251 0.79085360726442932577 0.00000000099999999998 
0.32345459917616392609 0.67654539982383599117 0.00000000099999999998 
0.52991494169639563605 0.47008505730360439223 0.00000000099999999998 
0.17969391383539129459 0.82030608516460856716 0.00000000099999999998 
0.00002739349148796299 0.99997260550851196914 0.00000000099999999999 
0.00000000099999999999 0.99999999800000005656 0.00000000099999999999 
0.00000000100000000000 0.99824569352730718741 0.00175430547269280032 
0.00044819030274825464 0.99955180869725179793 0.00000000099999999998 
0.00054236313704641688 0.99945763586295344183 0.00000000099999999999 
0.00000000099999999999 0.99999999800000005656 0.00000000099999999999 
0.03776812073561155308 0.96223187826438849601 0.00000000099999999998 
0.06895059748434832769 0.93104940151565174222 0.00000000099999999999 
0.05889126989934213852 0.94110872910065779262 0.00000000099999999999 
0.06890886638172688539 0.93109113261827314290 0.00000000099999999998 
0.04680355568061974475 0.95319644331938013782 0.00000000099999999999 
0.29113146009210272291 0.70886853890789724986 0.00000000099999999998 
0.26348894373949072190 0.73651105526050930639 0.00000000099999999997 
0.26770019064211764137 0.73229980835788222038 0.00000000099999999998 
0.35975405356509687627 0.64024594543490309650 0.00000000099999999997 
0.26867152286650897164 0.73132847613349094562 0.00000000099999999998 
0.19256165897309487911 0.80743834002690506590 0.00000000099999999998 
0.20573454195582224768 0.79426545704417761407 0.00000000099999999998 
0.27587766904982341520 0.72412232995017644654 0.00000000099999999997 
0.15282404707312330361 0.84717595192687666916 0.00000000099999999998 
0.03572883157334993259 0.96427116742665008875 0.00000000099999999999 
0.04564483723398284759 0.95435516176601720151 0.00000000099999999998 
0.02004517003049427135 0.97995482896950569796 0.00000000099999999998 
0.19905853980534399250 0.80094145919465598027 0.00000000099999999998 
0.10426477460382570228 0.89573522439617425661 0.00000000099999999998 
0.19232172681721745877 0.80767827218278254175 0.00000000099999999998 
0.16465595726868298421 0.83534404173131693305 0.00000000099999999998 
0.20510724459516632701 0.79489275440483364576 0.00000000099999999998 
0.20321590267289935117 0.79678409632710056609 0.00000000099999999998 
0.01834729129972621081 0.98165270770027379665 0.00000000099999999999 
0.00000000099999999998 0.99999999800000005656 0.00000000099999999998 
0.03056093617826474707 0.96943906282173530897 0.00000000100000000000 
