0.01352314973566454658 0.61409399904596839725 0.37238285121836717240 
0.07011161627607770397 0.88268426446187864265 0.04720411926204369502 
0.05685132063664697505 0.87054417824396690406 0.07260450111938604456 
0.00003950396970571361 0.62554084825120204183 0.37441964777909220174 
0.03275869793555143128 0.82966229325487061974 0.13757900880957793510 
0.04752495782300909799 0.81934498465414806745 0.13313005752284284844 
0.07825467567038515981 0.92030958916504190803 0.00143573516457294885 
0.06886045235359326833 0.93113954664640674608 0.00000000100000000000 
0.09704969267299069779 0.90048538190760452071 0.00246492541940481012 
0.08659461228757911466 0.91340538671242088586 0.00000000099999999999 
0.08573285731310159585 0.91426714168689837692 0.00000000100000000000 
0.04361164860970864754 0.90595726171360702050 0.05043108967668436665 
0.09910619103246580408 0.90089380796753404379 0.00000000100000000000 
0.06490441405052374546 0.90059207459050638622 0.03450351135896998628 
0.08722394312923553716 0.85171487363849207597 0.06106118323227246319 
0.03263035218821887240 0.69144665990943765532 0.27592298790234343064 
0.01898664360767939735 0.76344729002120759187 0.21756606637111322589 
0.02740944719869297524 0.85534061869867061834 0.11724993410263638560 
0.07375792407772197024 0.86094134858795501319 0.06530072733432305820 
0.09794849903415514536 0.85015091566944289703 0.05190058529640195761 
0.05359723283948780032 0.85082647365075325663 0.09557629350975892224 
0.06572611328243470330 0.77595187294709289105 0.15832201377047236401 
0.06709277093464788289 0.87829105253577632872 0.05461617652957580227 
0.07997358118876805866 0.92002550446596287337 0.00000091434526900432 
0.10314596601190417768 0.89685403298809573958 0.00000000100000000000 
0.04733727487050821275 0.88851070769570217323 0.06415201743378957933 
0.04775594884833177234 0.86285243852876603032 0.08939161262290216958 
0.02654462235424215680 0.94186464798516023045 0.03159072966059758153 
0.10525145284569591142 0.87657429064802661056 0.01817425650627756128 
0.10589422703372800005 0.87597283224111921474 0.01813294072515286848 
0.05090685648015259163 0.68676933465360712194 0.26232380886624023786 
0.00991658366295857831 0.72140871920037796805 0.26867469713666336517 
0.00649437121529647041 0.67241174302070716440 0.32109388576399633397 
0.00972664029347614090 0.64452690707258208924 0.34574645263394176986 
0.03013840782674912996 0.77901400368587814249 0.19084758848737287673 
0.00553970320586802487 0.67622134279629675380 0.31823895399783519444 
0.08404298479652570764 0.91595701420347430677 0.00000000100000000000 
0.03992270990285803900 0.69407878606626360884 0.26599850403087821338 
0.00000000099999999999 0.56146277344942152610 0.43853722555057855770 
0.00000000099999999999 0.64748201806276772796 0.35251798093723218930 
0.01149423475772580472 0.70661192086490287600 0.28189384437737130540 
0.00467572796274656841 0.66511554730137190106 0.33020872473588158691 
0.01460649299727922665 0.82477085794415228026 0.16062264905856843411 
0.00000000100000000000 0.67368217187256351774 0.32631782712743656605 
0.00000000099999999999 0.65020118822497396938 0.34979881077502600339 
0.05896776401735278478 0.82535509969904286010 0.11567713628360440370 
0.18459634070034494635 0.78996324574822052167 0.02544041355143462219 
0.09231182393981929302 0.90768817506018062424 0.00000000099999999999 
0.06598464097859810251 0.88976783516281565678 0.04424752385858633091 
0.06088541354364587072 0.87568191503187409186 0.06343267142447993334 
0.06137495321693890032 0.90832929507787385504 0.03029575170518725158 
0.03454268615646596124 0.83075195369982157700 0.13470536014371237155 
0.06098365031221200661 0.80501779611168922113 0.13399855357609882778 
0.04525067968551059472 0.83006567607899861549 0.12468364423549078979 
0.00000000099999999999 0.63339167583578626086 0.36660832316421376742 
0.00000000099999999999 0.57861625408397443504 0.42138374491602559324 
0.00000000099999999999 0.63672731576166208267 0.36327268323833800112 
0.05921445358250530117 0.87002644009908824962 0.07075910631840638676 
0.00000000099999999999 0.62800604976908458443 0.37199394923091549936 
0.02604208752331662810 0.74548201740254538272 0.22847589507413795795 
0.00000000099999999999 0.53624361890669125508 0.46375638009330877320 
0.00613900086694478455 0.73853561144431179031 0.25532538768874346591 
0.02543442308017200559 0.73188958993395047958 0.24267598698587758421 
0.02600662514901284916 0.66774107636075596961 0.30625229849023122286 
0.00000000100000000000 0.71025101674908575067 0.28974898225091427761 
0.00000000099999999999 0.64792681181418143588 0.35207318718581864792 
0.00618142655836262031 0.78624027121333717183 0.20757830222830020439 
0.01298401083466273545 0.74193730811180935714 0.24507868105352792476 
0.00465328668638905103 0.75641232525210311266 0.23893438806150793519 
0.00000000100000000000 0.71091907149396704746 0.28908092750603298082 
0.04799247033644826049 0.81479058054427833113 0.13721694911927351246 
0.00009757425547636166 0.63401771398313977457 0.36588471176138376295 
0.00000000099999999999 0.55324861611733144873 0.44675138288266852404 
0.00000000100000000000 0.65607568119006942631 0.34392431780993054646 
0.00867555420530094316 0.74318128793857018977 0.24814315785612875431 
0.00000000099999999999 0.58849589656063083787 0.41150410243936924592 
0.00000000100000000000 0.64591386052082888636 0.35408613847917125295 
0.01403699954791038859 0.70357072815992072190 0.28239227229216889992 
0.00691721555007484418 0.72142484776192272733 0.27165793668800236604 
0.01234823835502693590 0.78498841251353834725 0.20266334913143466134 
0.08091591654080547424 0.91908408245919437363 0.00000000099999999999 
0.05866235258747357073 0.76145382249767279426 0.17988382491485374604 
0.00467184727539697413 0.76118728970372906417 0.23414086302087391833 
0.11032576696499642177 0.80908495501077559720 0.08058927802422789777 
0.11482783893226100602 0.84863124414325241673 0.03654091692448666745 
0.07332869922745295643 0.79571826215011776107 0.13095303862242926862 
0.00000000100000000000 0.73120275249101451820 0.26879724650898556559 
0.00340959407107099561 0.66116009627159033624 0.33543030965733872106 
0.05224027019654984422 0.81197308559267611372 0.13578664421077396574 
0.04034481951622413687 0.70877074846217869020 0.25088443202159710355 
0.00000000100000000000 0.61083780606918836042 0.38916219293081161235 
0.04580217159233088836 0.79743314087416228286 0.15676468753350689123 
0.04331726248404877549 0.81521250012059698342 0.14147023739535430353 
0.00000000099999999999 0.69718790534700814110 0.30281209365299188718 
0.00000000100000000000 0.64085371385921108267 0.35914628514078877908 
0.00839012527109026310 0.68406954072052106319 0.30754033400838859391 
0.01576697923542647387 0.70954820061608714354 0.27468482014848627504 
0.00000000099999999999 0.65135136065072507527 0.34864863834927500852 
0.00000000099999999999 0.65537093679683300351 0.34462906220316691375 
0.00000000099999999999 0.48864394535750765858 0.51135605364249225868 
0.00000000099999999999 0.57846316109167938979 0.42153683790832069400 
0.00000000099999999999 0.61998507636239141849 0.38001492263760860979 
0.02997213452466574932 0.80087282577456508914 0.16915503970076906093 
0.03254085581923487486 0.74415454275841419474 0.22330460142235095122 
0.00661484839229741547 0.74543796076185464550 0.24794719084584798674 
0.00000000100000000000 0.57511707743070961119 0.42488292156929036159 
0.04619427531332722520 0.79604923269645777584 0.15775649199021490876 
0.05886909784616717323 0.66753032198105843875 0.27360058017277427700 
0.03110341297181054218 0.86309702500643792344 0.10579956202175158642 
0.01734072160269992113 0.75221601596517351229 0.23044326243212673311 
0.00000000100000000000 0.79078864800277937075 0.20921135099722071304 
0.00059302292291239529 0.69283967571273286090 0.30656730136435483836 
0.10172011256842747318 0.68006396853269512892 0.21821591889887734239 
0.00696408313949650141 0.69373046667047566505 0.29930545019002785523 
0.00000000099999999999 0.60464661073386660739 0.39535338826613353191 
0.03014328430388209246 0.70366644227689223445 0.26619027341922579799 
0.04718689566570154897 0.83617668451603710533 0.11663641981826125549 
0.08016521955235732244 0.87449079999315659784 0.04534398045448598952 
0.00962942894106301461 0.74831857180751648606 0.24205199925142048545 
0.00003536804550631287 0.70623342995791971166 0.29373120199657398732 
0.03363051973835903818 0.79857179867429761710 0.16779768158734342798 
0.00324582962432338508 0.78210336425781845637 0.21465080611785813947 
0.01367066086046368062 0.76397147285955002705 0.22235786627998629927 
0.01819546913400762675 0.75950529339050532052 0.22229923747548702151 
0.02798512872300589621 0.70884545928430875428 0.26316941199268534257 
0.00000000099999999999 0.67277614113131189999 0.32722385786868807278 
0.16733530424930773139 0.83266469475069226913 0.00000000099999999999 
0.09079504248543225631 0.90920495651456767483 0.00000000099999999999 
0.07535081161889758961 0.92464918738110246643 0.00000000100000000000 
0.09345305496994353589 0.90654694403005631198 0.00000000100000000000 
0.04156639241200617979 0.84374249485008534499 0.11469111273790864869 
0.00290011131507525270 0.77260167048046513028 0.22449821820445969855 
0.00000004543674159388 0.67026627869620225564 0.32973367586705620846 
0.02094258647549787286 0.79728289891651404897 0.18177451460798796368 
0.00000000099999999999 0.64450201495320658118 0.35549798404679333608 
0.01317422113546381883 0.64125194671113894263 0.34557383215339709803 
0.00000000100000000000 0.63223465298117587086 0.36776534601882415743 
0.04243876634006514548 0.83701387453575504249 0.12054735912417970101 
0.00000000099999999999 0.69259295704644263658 0.30740704195355739170 
0.01783573049616497472 0.75962822901412541121 0.22253604048970967999 
0.00000000099999999999 0.65175118542702570323 0.34824881357297421403 
0.00902222224215689164 0.76959942777859879914 0.22137834997924418778 
0.00000000099999999999 0.56483265799856485767 0.43516734100143522612 
0.00000000099999999999 0.54182127344111097322 0.45817872555888916608 
0.00000000099999999999 0.51176534852164956568 0.48823465047835046260 
0.00000000100000000000 0.68084553689633353635 0.31915446210366660296 
0.00000000099999999999 0.37780106386462358747 0.62219893513537638530 
0.00000000100000000000 0.71137505280402180130 0.28862494619597822698 
0.03898597241231571003 0.77022582875739586949 0.19078819883028841353 
0.03951657818444512249 0.80084030856236876339 0.15964311325318605861 
0.00000000100000000000 0.61401193960594768750 0.38598805939405245180 
0.00000000100000000000 0.69043169791459046980 0.30956830108540961399 
0.03549628167478919433 0.71558202423206018761 0.24892169409315062500 
0.03164931086396784166 0.77848550277725292457 0.18986518635877930317 
0.03881039300604430253 0.81635872435537470970 0.14483088263858090450 
0.00000000100000000000 0.64079036577421233378 0.35920963322578763899 
0.00000000099999999999 0.64506551224702046721 0.35493448675297961659 
0.00000000099999999999 0.65029471217884626810 0.34970528682115376018 
0.00088294443087773592 0.74451589815002461314 0.25460115741909766784 
0.02227741480510666075 0.78272165588653985768 0.19500092930835341565 
0.17044099485096186886 0.80764627543703904067 0.02191272971199914252 
0.05769368024943833523 0.93175708557980208013 0.01054923417075946321 
0.18740832741411977969 0.81248696620948746006 0.00010470637639290981 
0.01354978004284394105 0.79512995185106494223 0.19132026810609106815 
0.03480552592458229649 0.84991898997817505457 0.11527548409724255873 
0.00000000099999999999 0.66512029123730032065 0.33487970776269987416 
0.00000000100000000000 0.72794809216392797335 0.27205190683607216595 
0.00000000100000000000 0.68870711107898974213 0.31129288792101045269 
0.00000000100000000000 0.82175193693751447110 0.17824806206248558493 
0.00000000099999999999 0.72485754413189196210 0.27514245486810817720 
0.00000000100000000000 0.74203855083100989098 0.25796144816899008179 
0.00000000099999999999 0.61982741006467345635 0.38017258893532646091 
0.00000000099999999999 0.68723170339975714338 0.31276829560024299592 
0.00000000099999999999 0.66439716931288328450 0.33560282968711679930 
0.00000000099999999999 0.48260612062457497462 0.51739387837542505366 
0.00126493051788285275 0.68770516590368724330 0.31102990357842980051 
0.09509923972209813336 0.88727369707814240929 0.01762706319975938102 
0.07537202503101754492 0.92462797396898244173 0.00000000100000000000 
0.07819506439931457609 0.92180493460068535505 0.00000000099999999999 
0.09344376349950052341 0.90655623550049946324 0.00000000100000000000 
0.00105098436421434318 0.78912299609520442090 0.20982601954058119342 
0.07982780702137003137 0.92017219197862998303 0.00000000100000000000 
0.09234282960513644223 0.90765716939486362769 0.00000000100000000000 
0.07030198032123992358 0.91448492103233913753 0.01521309864642087645 
0.00000000100000000000 0.73024534846292366019 0.26975465053707631258 
0.06915374961307495238 0.85399649432964197526 0.07684975605728300296 
0.02451202589075839391 0.79157220907877923199 0.18391576503046236368 
0.00000000100000000000 0.68204083428620088103 0.31795916471379920276 
0.00000000099999999999 0.73984800900013025782 0.26015198999986971495 
0.03485931695682262244 0.80238885867147979880 0.16275182437169746774 
0.00000001026598192202 0.79223429003876988386 0.20776569969524824599 
0.00000000100000000000 0.72669070825249981738 0.27330929074750015539 
0.05969749169486477519 0.83150639794095937418 0.10879611036417574654 
0.05125314189705854756 0.92390101155511750175 0.02484584654782380497 
0.10222782446206778173 0.89777217453793223267 0.00000000099999999999 
0.06010184045046697981 0.91742205004614674202 0.02247610950338626082 
0.10373665298766399090 0.87802334672986559472 0.01824000028247039010 
0.07121665756274987713 0.85613438304865630002 0.07264895938859380897 
0.04781412748876806562 0.95218587151123190715 0.00000000100000000000 
0.07299875655057827539 0.90716466414517027417 0.01983657930425152677 
0.00000000099999999999 0.61771207362758762116 0.38228792537241251814 
0.00000000100000000000 0.64415747961941016708 0.35584251938058997222 
0.02195284454320714507 0.83421724554891607539 0.14382990990787680730 
0.00000000099999999999 0.74959299942264523420 0.25040699957735479408 
0.01333717184999287132 0.72188030332912955789 0.26478252482087749620 
0.03608352079696285769 0.83262995682842055878 0.13128652237461652108 
0.00000000099999999999 0.64341269997128369695 0.35658729902871627582 
0.02263777955105549314 0.78000738816581838275 0.19735483228312608595 
0.00708817197106872791 0.67419252714206279187 0.31871930088686856175 
0.02969238944593847324 0.76299330510372731506 0.20731430545033407986 
0.01916373559320941680 0.83160680932263142395 0.14922945508415916271 
0.00000000100000000000 0.68187566444996761117 0.31812433455003241711 
0.02015932805872825903 0.77728414896536368595 0.20255652297590803768 
0.00000000100000000000 0.71102195057594275163 0.28897804842405738768 
0.00000000100000000000 0.59083350801248879502 0.40916649098751106672 
0.00000000099999999999 0.67582008665746762244 0.32417991234253257238 
0.01715524734096214587 0.76281098940755254212 0.22003376325148532588 
0.11040763708162143475 0.83443818882244602531 0.05515417409593260240 
0.00000000100000000000 0.70539265245033488938 0.29460734654966502788 
0.00000000100000000000 0.74721401488504379795 0.25278598411495623033 
0.03594626112889188346 0.81395219255038553374 0.15010154632072253422 
0.00642807693425067380 0.73885547258252759484 0.25471645048322166804 
0.03736685781115923338 0.73379027278077779695 0.22884286940806314314 
0.01295501843725734709 0.70612698467108281353 0.28091799689165980469 
0.00000000099999999999 0.73003322646656465533 0.26996677253343526193 
0.02635973684926021937 0.83406627285589052256 0.13957399029484934827 
0.04214693088120383124 0.80856342253672741638 0.14928964658206886340 
0.00978843041929886200 0.71660978100043082328 0.27360178858027028870 
0.00512713737199001814 0.77933381435314064145 0.21553904827486922158 
0.05838407014429308067 0.91023069039766024702 0.03138523945804677640 
0.00000000099999999999 0.64492507971437873504 0.35507491928562134875 
0.00000000100000000000 0.65368010452275393529 0.34631989447724609299 
0.00000000099999999999 0.69667638515712815295 0.30332361384287176431 
0.00000000099999999999 0.60625750522932408959 0.39374249377067588318 
0.00000000099999999999 0.72789815164631488376 0.27210184735368525555 
0.00000000099999999999 0.70035986362431001950 0.29964013537569006429 
0.00000000100000000000 0.69043221324887693591 0.30956778575112303686 
0.00000000100000000000 0.71060141504255713851 0.28939858395744277875 
0.00000000099999999999 0.65227140247266768291 0.34772859652733245639 
0.00000000099999999999 0.53136073913997960982 0.46863925986002052948 
0.00000000100000000000 0.71897450196619172580 0.28102549703380835799 
0.00641418589973003373 0.74677006711056637123 0.24681574698970359938 
0.01780520638149378498 0.80766938628470952288 0.17452540733379687254 
0.00000000099999999999 0.42098637930426680009 0.57901361969573317268 
0.00000000099999999999 0.69397199515239249568 0.30602800384760747709 
0.00000000099999999999 0.61232908829994703304 0.38767091070005299525 
0.00000000099999999999 0.63002445432062537112 0.36997554467937460165 
0.00000000099999999999 0.64897669501159493954 0.35102330398840514425 
0.00000000099999999999 0.66969028744401892794 0.33030971155598121136 
0.00000000099999999999 0.77099015956315808396 0.22900983943684194433 
0.00000000099999999999 0.65402757237310649163 0.34597242662689359216 
0.00000000099999999999 0.69124822050162304521 0.30875177849837687205 
0.00000000100000000000 0.67638270432940161836 0.32361729467059829890 
0.00000000099999999999 0.69211860516507694996 0.30788139383492313383 
0.00000000099999999999 0.60496661256733996748 0.39503338643265994978 
0.05334980796345513421 0.86539724663422223916 0.08125294540232264051 
0.04216249927060788938 0.86869557487417037311 0.08914192585522159873 
0.01107269610121652988 0.81959505551933620193 0.16933224837944724217 
0.00000000100000000000 0.75624096343097135797 0.24375903556902883684 
0.06672140257133700458 0.81263840947882448607 0.12064018794983849547 
0.05661395096979033453 0.92777331013992869746 0.01561273889028103219 
0.06574414285863945662 0.90210714020435123217 0.03214871693700941530 
0.00988602901699986956 0.85364504777539840230 0.13646892320760181661 
0.01413838320537503038 0.73420611799399282393 0.25165549880063209365 
0.05080540638904081086 0.79366712837370434475 0.15552746523725485828 
0.01393625172533198738 0.86689485793008891346 0.11916889034457894825 
0.00000000100000000000 0.76898391033468460609 0.23101608866531528341 
0.00000000099999999999 0.66251234221374688538 0.33748765678625308739 
0.00000000099999999999 0.69127275750375327679 0.30872724149624680701 
0.01622402334781092303 0.77807465109727269592 0.20570132555491629778 
0.00000000100000000000 0.76556135488893928276 0.23443864411106085655 
0.00746298988586719357 0.70636245841662648193 0.28617455169750621868 
0.01446592043899260112 0.84290275849216012016 0.14263132106884726658 
0.00000000099999999999 0.64144778171457295102 0.35855221728542707726 
0.00000000099999999999 0.55864752349906154905 0.44135247550093864577 
0.00000000099999999999 0.51043311352854525698 0.48956688547145477131 
0.00000000099999999999 0.52764527914991665725 0.47235471985008320450 
0.00000000099999999999 0.59053460344715258401 0.40946539555284749978 
0.00000000099999999999 0.54403709719247084209 0.45596290180752913068 
0.00000000099999999999 0.67997976425206729800 0.32002023474793261926 
0.00000000099999999999 0.67853618083225264446 0.32146381816774721729 
0.02899994482264749845 0.78483449519957593221 0.18616555997777656239 
0.01522785416719219659 0.81833206655304235877 0.16644007927976536831 
0.04462754164268491197 0.88026425190552892719 0.07510820645178604982 
0.03547759311338632982 0.75295298157726420207 0.21156942530934960689 
0.04778254891760934375 0.84192991089211666189 0.11028754019027404987 
0.03611714535982719215 0.80098181721821604118 0.16290103742195671810 
0.02035326684777959486 0.82285321871664551807 0.15679351443557495993 
0.03626067762055548011 0.87712220713061861410 0.08661711524882582947 
0.00000000100000000000 0.74294047036545718399 0.25705952863454267776 
0.01273615218082101153 0.82138080611532060527 0.16588304170385842484 
0.06439418099604023171 0.90687606876205539841 0.02872975024190424845 
0.04309657415479983128 0.89341505372170415544 0.06348837212349615899 
0.00000000099999999999 0.71528280923963782900 0.28471718976036214377 
0.00000000099999999999 0.49755897296729534318 0.50244102603270468510 
0.02432778660658873812 0.74378450133076756678 0.23188771206264369162 
0.00000000100000000000 0.65069331344919933979 0.34930668555080079951 
0.00000000100000000000 0.76943913227985516468 0.23056086672014486361 
0.04819487899306636874 0.84596398869300293288 0.10584113231393056653 
0.02488563059248139961 0.78239980289373001199 0.19271456651378857106 
0.05512948537208342548 0.93020551983455834755 0.01466499479335832412 
0.04134531747128276924 0.93560932216217562729 0.02304536036654156878 
0.03287002064505331611 0.91319283438783960261 0.05393714496710708822 
0.05608354306387127591 0.92705230304590913182 0.01686415389021964778 
0.02769394681636834499 0.85874452616392704662 0.11356152701970470553 
0.00000000099999999999 0.64972464235467031202 0.35027535664532966075 
0.02975882558757904361 0.82784629848700019839 0.14239487592542077188 
0.00000000099999999999 0.66819696912792003740 0.33180302987208004639 
0.00000000099999999999 0.62062348424644420142 0.37937651475355599340 
0.01614594764959266168 0.86253821892496662649 0.12131583342544077775 
0.00000000099999999999 0.68557142470514276233 0.31442857429485726595 
0.00000000100000000000 0.74822907218562473286 0.25177092681437523991 
0.00000000099999999999 0.58800682613134946930 0.41199317286865061449 
0.01569459184003202737 0.76229254280065916749 0.22201286535930891963 
0.09602500424222361330 0.90397499475777642886 0.00000000100000000000 
0.07396993312918134778 0.92602440752441983474 0.00000565934639881532 
0.01370713337523043855 0.73716314821216510911 0.24912971841260450612 
0.00431874202266718452 0.79954799393739817148 0.19613326403993464053 
0.02491220597073253579 0.87865945837303383037 0.09642833565623357139 
0.06147310887886302949 0.90109290085752014043 0.03743399026361700355 
0.01898427523076497495 0.74946754812841887006 0.23154817664081606132 
0.09171528331611668305 0.90828471568388335911 0.00000000099999999999 
0.04121257376409674655 0.88582931778165208136 0.07295810845425099167 
0.03111829840899924676 0.78585815727488417259 0.18302354431611672636 
0.00000758743538585910 0.67302316599350764381 0.32696924657110643109 
0.00035950181412933055 0.77694163401831062288 0.22269886416755999003 
0.03188922627686743838 0.75656521782277375010 0.21154555590035889479 
0.00000000100000000000 0.71261527579465500093 0.28738472320534502735 
0.00000000099999999999 0.71923566965472141010 0.28076432934527861818 
0.06164415502341501207 0.79465637756057905250 0.14369946741600589379 
0.00000000100000000000 0.68192677258055489631 0.31807322641944507646 
0.02887382828405835392 0.87227518855058205904 0.09885098316535952112 
0.00000000099999999999 0.70589746901994721018 0.29410252998005287361 
0.06548243976916562348 0.86443480734332445170 0.07008275288750988319 
0.05672338312542769823 0.78985053179028030801 0.15342608508429195213 
0.05714246877031847055 0.87619055356035424609 0.06666697766932735969 
0.01461186086422878484 0.76577784033228302185 0.21961029880348814647 
0.00000000100000000000 0.72190092681277118203 0.27809907218722895728 
0.01895090620942192425 0.87344647497933858293 0.10760261881123948935 
0.00000000100000000000 0.75669435701386145166 0.24330564198613849336 
0.00000000099999999999 0.63744518841955977173 0.36255481058044042308 
0.00015485232780456520 0.74949750422831196150 0.25034764344388343860 
0.00000000099999999999 0.60581470561163353050 0.39418529338836638676 
0.00000000100000000000 0.70383161202711219673 0.29616838697288794258 
0.00000000099999999999 0.59144769752782577754 0.40855230147217430625 
0.01321848900374228593 0.76647685761045836195 0.22030465338579935386 
0.00550089196676606124 0.84942433182827936644 0.14507477620495456971 
0.02224036865589901907 0.75893322586323319623 0.21882640548086776389 
0.00853478260000485080 0.88114263583729945939 0.11032258156269576788 
0.01747741831759602738 0.83186444540638349032 0.15065813627602045455 
0.07131698899662032576 0.90092176573064275402 0.02776124527273696532 
0.00714657513277755160 0.77858988630869141456 0.21426353855853086383 
0.02882563692954193818 0.88133779836415859776 0.08983656470629942936 
0.00000000100000000000 0.79912959849009956859 0.20087040050990048745 
0.04733323176417537914 0.86927599907238750632 0.08339076916343711454 
0.00000000099999999999 0.79154569689432374702 0.20845430210567630902 
0.01968610090506031640 0.78988299917692206265 0.19043089991801773198 
0.04608604177214836034 0.93953224811934787919 0.01438171010850371363 
0.02346661064045012235 0.75646866734791973208 0.22006472201163013169 
0.00000000100000000000 0.70211910965658130834 0.29788088934341871994 
0.01805446949486040967 0.78248465427146618456 0.19946087623367345087 
0.00041629276509403285 0.75223215982303526239 0.24735154741187073690 
0.04114504490906090162 0.81619791737565161593 0.14265703771528734367 
0.02213919434035039116 0.86995539796198451121 0.10790540769766503171 
0.00018088704471173509 0.69818829033901774750 0.30163082261627049974 
0.08285235259081254189 0.90867611753786614592 0.00847152987132125841 
0.04408303444843240937 0.87912358108514243593 0.07679338446642512694 
0.05766437342043480296 0.88063947738198578019 0.06169614919757940297 
0.06089362639779135472 0.88132765289192349645 0.05777872071028530843 
0.01637767221360442865 0.77538241424678622238 0.20823991353960927264 
0.00000000099999999999 0.67427904460595922131 0.32572095439404086248 
0.04267346646443075098 0.85447287095048951588 0.10285366258507966375 
0.00000000099999999999 0.60934541362746608151 0.39065458537253394677 
0.00000000100000000000 0.76322240049555467589 0.23677759850444524137 
0.03626333211402076734 0.80394438120134137371 0.15979228668463776875 
0.01865265823984653057 0.73646957704873938777 0.24487776471141395329 
0.00650029882914554547 0.82121214068653358709 0.17228756048432078418 
0.00000000099999999999 0.56568824287226771030 0.43431175612773231798 
0.00000000100000000000 0.57579514039293866468 0.42420485860706136361 
0.00000000099999999999 0.46056346144333548676 0.53943653755666454153 
0.00000000099999999999 0.63262443216887354058 0.36737556683112643219 
0.00000000099999999999 0.46083843288823578277 0.53916156611176402347 
0.00000000099999999999 0.46940022204637971148 0.53059977695362015027 
0.00000000099999999999 0.56545704553225395461 0.43454295346774601816 
0.03304723473638333797 0.82652370870734648278 0.14042905655627027639 
0.00907401526771825853 0.79165139018808095006 0.19927459454420082263 
0.05214530115701097868 0.93241134757940835609 0.01544335126358061666 
0.03215236582897160883 0.89393380049693371703 0.07391383367409470884 
0.00000000100000000000 0.76974197531384724869 0.23025802368615283511 
0.00656554938269168255 0.73960695844294488399 0.25382749217436334499 
0.06755929259607688919 0.89893453659331901129 0.03350617081060407176 
0.01638963148622745586 0.83180621553084621578 0.15180415298292634918 
0.03473669251002601405 0.91099569137715563638 0.05426761611281832182 
0.02768925152926234382 0.70022851862745039142 0.27208222984328733762 
0.08932824150273836750 0.91067175749726148037 0.00000000099999999998 
0.06593424852216797638 0.93406574597516456304 0.00000000550266754603 
0.05481040329816567330 0.94518959570183436192 0.00000000099999999999 
0.06883188689820088357 0.90888903918245755875 0.02227907391934156114 
0.06802519628005555818 0.86533075660975578014 0.06664404711018873106 
0.00828974794748546170 0.78379948861706039143 0.20791076343545408789 
0.05344683875137470203 0.84188085330424555774 0.10467230794437974717 
0.05274335417630671152 0.90846353113058064821 0.03879311469311273047 
0.05428405188078136434 0.92578656680621018715 0.01992938131300837565 
0.00000000100000000000 0.82606380563597081590 0.17393619336402904585 
0.05340047113430774345 0.85326581746233176595 0.09333371140336045590 
0.00451677202049423528 0.73062907757794226526 0.26485415040156351507 
0.00000000100000000000 0.64760552531569026691 0.35239447368430970586 
0.00330442776077427645 0.81525668086636959853 0.18143889137285615365 
0.01493282431253812811 0.73591685087334990367 0.24915032481411189536 
0.00540962178399539886 0.82361191399777788913 0.17097846421822668339 
0.02747297734464246993 0.89445281163058931728 0.07807421102476830299 
0.00000000099999999999 0.59831489069679055781 0.40168510830320935945 
0.00000000099999999999 0.71788610167623767566 0.28211389732376229711 
0.00000000099999999999 0.63379625353700019819 0.36620374546299983010 
0.00000000100000000000 0.65643193138450028901 0.34356806761549979479 
0.74124261422959536461 0.00000000099999999998 0.25875738477040460817 
0.70279306144908448850 0.00000000099999999997 0.29720693755091542876 
0.63875610536026783404 0.00000000099999999997 0.36124389363973224976 
0.59698157278930463754 0.00000000099999999997 0.40301842621069533523 
0.66406226972957549393 0.00000000099999999997 0.33593772927042458987 
0.66472664657909030783 0.00000000099999999997 0.33527335242090966494 
0.58424798798104204955 0.00000000099999999997 0.41575201101895797873 
0.69323299471025723317 0.00000000099999999997 0.30676700428974279511 
0.75335146911249828428 0.00000000099999999997 0.24664852988750177176 
0.83282767158194881407 0.00000000099999999998 0.16717232741805113094 
0.74698078062339390293 0.00000000099999999998 0.25301921837660612535 
0.67455238422885988037 0.00000000099999999998 0.32544761477114020343 
0.74232094439597617885 0.00000000099999999997 0.25767905460402368290 
0.76646285318427065381 0.00000000099999999997 0.23353714581572931897 
0.80274556714802269841 0.00000000099999999998 0.19725443185197732987 
0.65938489147421652792 0.00000000099999999997 0.34061510752578344485 
0.80863015299933826974 0.00000000099999999998 0.19136984600066167528 
0.99999999799999994554 0.00000000099999999999 0.00000000099999999999 
0.99618246992318404409 0.00381752907681583414 0.00000000100000000000 
0.95015699102484774130 0.00000000099999999998 0.04984300797515216902 
0.76074210046820978093 0.00000000099999999998 0.23925789853179033062 
0.72128292123975668027 0.00000000099999999997 0.27871707776024345904 
0.59381590533371597651 0.00000000099999999997 0.40618409366628399626 
0.51980233492940586260 0.00000000099999999997 0.48019766407059422120 
0.56725354064118582720 0.00000000099999999997 0.43274645835881425660 
0.78463289663870627866 0.00000000099999999998 0.21536710236129377738 
0.59862717899689299461 0.00000000099999999997 0.40137282000310708918 
0.59815377654211454583 0.00000000099999999998 0.40184622245788564898 
0.95249464001269867897 0.00000000099999999999 0.04750535898730129380 
0.90612871332897693133 0.00000000099999999998 0.09387128567102304144 
0.99999999799999994554 0.00000000099999999999 0.00000000099999999999 
0.95440250131591441995 0.00000000099999999999 0.04559749768408563608 
0.65305675243379768258 0.00000000099999999998 0.34694324656620240122 
0.82190398275742782008 0.00000000099999999997 0.17809601624257218044 
0.81574856358483460728 0.00000000099999999997 0.18425143541516547652 
0.92929960496269914394 0.00000000099999999997 0.07070039403730085659 
0.76496612074469594322 0.00000000099999999998 0.23503387825530419608 
0.70870599076657658788 0.00000000099999999998 0.29129400823342344040 
0.78885506161455865026 0.00000000099999999998 0.21114493738544143353 
0.63030184673225275738 0.00000000099999999997 0.36969815226774721539 
0.72808951412244404811 0.00000000099999999997 0.27191048487755603569 
0.58745745780660241220 0.00000000099999999997 0.41254254119339750506 
0.77620429286881542641 0.00000000099999999997 0.22379570613118474065 
0.64945302855200415237 0.00000000099999999997 0.35054697044799576489 
0.85503935079582538137 0.00000000099999999998 0.14496064820417464691 
0.85501394679080533479 0.00000000099999999998 0.14498605220919463799 
0.88434149639583425895 0.00000000099999999998 0.11565850260416576933 
0.79770607388810821359 0.00000000099999999998 0.20229392511189170367 
0.89401131327876104393 0.00000000099999999998 0.10598868572123898435 
0.82802464150219867722 0.00000000099999999998 0.17197535749780140657 
0.73254082013840216003 0.00000000099999999998 0.26745917886159781274 
0.78628088789039840556 0.00000000099999999998 0.21371911110960156721 
0.80993109727297496470 0.00000000099999999998 0.19006890172702514685 
0.73436113484310061583 0.00000000099999999998 0.26563886415689935694 
0.72251076614776787999 0.00000000099999999997 0.27748923285223214830 
0.81488365684067209926 0.00000000099999999999 0.18511634215932804004 
0.91860657982155191625 0.00000000099999999998 0.08139341917844804264 
0.89231162843672762186 0.00000000099999999998 0.10768837056327229540 
0.84381784527152758901 0.00000000099999999998 0.15618215372847249478 
0.78349555789255698190 0.00000000099999999998 0.21650444110744301862 
0.65144864302667127021 0.00000000099999999998 0.34855135597332881359 
0.64606327117112383185 0.00000000099999999998 0.35393672782887608541 
0.71797689640168094183 0.00000000099999999998 0.28202310259831891992 
0.70718882750742817489 0.00000000099999999998 0.29281117149257179788 
0.62124276624975116601 0.00000000099999999998 0.37875723275024891779 
0.59527670821601630369 0.00000000099999999997 0.40472329078398372459 
0.58956313054313491673 0.00000000099999999998 0.41043686845686511155 
0.55900936181391147617 0.00000000099999999997 0.44099063718608849660 
0.71980679188109741862 0.00000000099999999998 0.28019320711890260966 
0.72634070340344747407 0.00000000099999999998 0.27365929559655244319 
0.85189008198924698334 0.00000000099999999998 0.14810991701075301719 
0.62126492270708022492 0.00000000099999999998 0.37873507629291974785 
0.63614514168698421681 0.00000000099999999998 0.36385485731301575596 
0.64108216292120734359 0.00000000099999999998 0.35891783607879268470 
0.66017422791155466744 0.00000000099999999998 0.33982577108844536085 
0.67352406416667442990 0.00000000099999999997 0.32647593483332554287 
0.74051569068624745196 0.00000000099999999998 0.25948430831375257632 
0.99999999800000005656 0.00000000099999999999 0.00000000099999999999 
0.90728355282252426406 0.00000000099999999999 0.09271644617747566708 
0.75886080253807286500 0.00000000099999999998 0.24113919646192724655 
0.99999999799999994554 0.00000000099999999998 0.00000000099999999998 
0.77126544307780964260 0.00000000099999999998 0.22873455592219027466 
0.70110410949392865110 0.00000000099999999998 0.29889588950607143270 
0.57366958426632819190 0.00000000099999999998 0.42633041473367172536 
0.90762374697075531849 0.00000000099999999998 0.09237625202924470980 
0.78745627699513676134 0.00000000099999999998 0.21254372200486321143 
0.72180416629280941265 0.00000000099999999998 0.27819583270719050461 
0.66782475935276830459 0.00000000099999999998 0.33217523964723161267 
0.64381929223706613197 0.00000000099999999998 0.35618070676293378529 
0.61772765876598190182 0.00000000099999999997 0.38227234023401818197 
0.61480606435018503308 0.00000000099999999997 0.38519393464981510622 
0.77798461825465170527 0.00000000099999999998 0.22201538074534843403 
0.64464781159676354250 0.00000000099999999997 0.35535218740323654130 
0.69543363203588715038 0.00000000099999999998 0.30456636696411287790 
0.77020289392106289217 0.00000000099999999998 0.22979710507893713611 
0.68427262406424393948 0.00000000099999999997 0.31572737493575597778 
0.74614066480492324818 0.00000000099999999998 0.25385933419507689113 
0.75206344301120975349 0.00000000099999999998 0.24793655598879019153 
0.71787038050590434857 0.00000000099999999998 0.28212961849409562420 
0.69515253969697787806 0.00000000099999999997 0.30484745930302220573 
0.66567089584057759222 0.00000000099999999997 0.33432910315942243606 
0.69528738998122474602 0.00000000099999999997 0.30471260901877522675 
0.75468691092724171643 0.00000000099999999997 0.24531308807275833961 
0.60992918658869110793 0.00000000099999999997 0.39007081241130886484 
0.64177974557182326798 0.00000000099999999998 0.35822025342817687132 
0.80667033500592666417 0.00000000100000000000 0.19332966399407333635 
0.70896326430767397930 0.00000000099999999998 0.29103673469232610449 
0.93741657949743373290 0.00000000099999999998 0.06258341950256639252 
0.61814387951466676085 0.00000000099999999997 0.38185611948533321192 
0.68461018119430683271 0.00000000099999999997 0.31538981780569325108 
0.69913042412910098022 0.00000000099999999997 0.30086957487089899255 
0.51124251977807833036 0.00000000099999999997 0.48875747922192186445 
0.62044804029494160513 0.00000000099999999997 0.37955195870505842315 
0.56793494454712845076 0.00000000099999999997 0.43206505445287157752 
0.65159199175996818099 0.00000000099999999998 0.34840800724003190281 
0.68822687720904485165 0.00000000099999999997 0.31177312179095523215 
0.69680135382637786723 0.00000000099999999998 0.30319864517362210554 
0.80348941897934877954 0.00000000099999999998 0.19651058002065127650 
0.83124130855988065392 0.00000000099999999998 0.16875869044011931885 
0.70465302131922180617 0.00000000099999999998 0.29534697768077833313 
0.79067732903956400303 0.00000000099999999998 0.20932266996043608076 
0.67633049338203132805 0.00000000099999999998 0.32366950561796881125 
0.46986834828667312092 0.00000000099999999998 0.53013165071332679634 
0.82009948422566358861 0.00000000099999999998 0.17990051477433652294 
0.99994899869436326689 0.00000000099999999999 0.00005100030563668636 
0.99999999800000005656 0.00000000099999999999 0.00000000099999999999 
0.99825716075718229359 0.00174283824281768092 0.00000000100000000000 
0.99895740324813664390 0.00000000099999999998 0.00104259575186347914 
0.99920318089725723709 0.00000000099999999999 0.00079681810274275248 
0.99999999799999994554 0.00000000099999999999 0.00000000099999999999 
0.96201222331549851585 0.00000000099999999998 0.03798777568450142222 
0.93084058822799498056 0.00000000099999999999 0.06915941077200511711 
0.94089687752713990765 0.00000000099999999999 0.05910312147286007900 
0.93089436791218016509 0.00000000099999999998 0.06910563108781991870 
0.95298787079301017222 0.00000000099999999999 0.04701212820698976586 
0.70866653296029791242 0.00000000099999999998 0.29133346603970200484 
0.73630887007887813045 0.00000000099999999997 0.26369112892112184232 
0.73210369166025313081 0.00000000099999999998 0.26789630733974706400 
0.64004300923735468754 0.00000000099999999997 0.35995698976264534075 
0.73108837216414090943 0.00000000099999999998 0.26891162683585911886 
0.80725048139865285268 0.00000000099999999998 0.19274951760134720335 
0.79407289020663440748 0.00000000099999999998 0.20592710879336567631 
0.72390936569239994203 0.00000000099999999997 0.27609063330760019728 
0.84698364661848279944 0.00000000099999999998 0.15301635238151720109 
0.96406347140269887941 0.00000000099999999999 0.03593652759730115581 
0.95416214015949418759 0.00000000099999999998 0.04583785884050581988 
0.97973697646142077211 0.00000000099999999998 0.02026302253857930821 
0.80057211040882092501 0.00000000099999999998 0.19942788859117913103 
0.89552347823473521515 0.00000000099999999998 0.10447652076526481313 
0.80747613763401004938 0.00000000099999999998 0.19252386136599003441 
0.83514269952777187012 0.00000000099999999998 0.16485729947222818592 
0.79467890663377427352 0.00000000099999999998 0.20532109236622567150 
0.79660795441115461735 0.00000000099999999998 0.20339204458884549420 
0.98145911725279266768 0.00000000099999999999 0.01854088174720733978 
0.99999999799999994554 0.00000000099999999998 0.00000000099999999998 
0.96927008479831855414 0.00000000100000000000 0.03072991420168143598 
