0.61301830522901967768 0.37321672388746818250 0.01376497088351212421 
0.88182406153029746498 0.04791957735307155603 0.07025636111663112471 
0.86971078654415612252 0.07328954447475594103 0.05699966898108797808 
0.62454029061272975376 0.37535171746770540357 0.00010799191956481214 
0.82871966645304795396 0.13842717559844641695 0.03285315794850566379 
0.81843867994749008865 0.13386783870453164424 0.04769348134797820465 
0.91957389629610630788 0.00203908287311464244 0.07838702083077900284 
0.93085451446714884138 0.00000000100000000000 0.06914548453285125629 
0.89972640496926570286 0.00301404915351094092 0.09725954587722338007 
0.91314177930245077341 0.00000000099999999999 0.08685821969754933813 
0.91393660487568906259 0.00000000100000000000 0.08606339412431102120 
0.90513448788826822433 0.05122066822062215641 0.04364484389110957069 
0.90051296341189679406 0.00000000100000000000 0.09948703558810322034 
0.89973561997418927128 0.03529424450687505821 0.06497013551893567052 
0.85091460192710632882 0.06158549729288963909 0.08749990078000412230 
0.69043975001619173337 0.27670255679253419334 0.03285769319127414961 
0.76245473088118254079 0.21845128309207012540 0.01909398602674742401 
0.85439207584530330042 0.11815738622254876034 0.02745053793214796700 
0.86011132709397131180 0.06590875654193441291 0.07397991636409415039 
0.84938925323399472322 0.05233532680036893925 0.09827541996563632365 
0.84990632930013554347 0.09639054122695467353 0.05370312947290974831 
0.77503987193957024626 0.15896138178871704882 0.06599874627171262165 
0.87748643312843699338 0.05526082930571400015 0.06725273756584905505 
0.91963652282364893864 0.00000717923345337704 0.08035629794289765593 
0.89646276095489918490 0.00000000100000000000 0.10353723804510077400 
0.88761836653438797029 0.06499529110574255031 0.04738634235986952797 
0.86195098389094981783 0.09020951320844471100 0.04783950290060533239 
0.94108074882257652938 0.03245052817917296745 0.02646872299825048236 
0.87585395011522904074 0.01856512648912755567 0.10558092339564346951 
0.87523958618450670155 0.01855747535258912492 0.10620293846290422557 
0.68587616435267595438 0.26284362659496490755 0.05128020905235924909 
0.72039850560063811713 0.26957120692256303363 0.01003028747679879200 
0.67141375994159502305 0.32185976932055188060 0.00672647073785315533 
0.64355180932883848666 0.34643099157457996062 0.01001719909658142435 
0.77810400766372900261 0.19159724561877783389 0.03029874671749316697 
0.67518937832011960420 0.31907994529455380173 0.00573067638532650820 
0.91557382525782482485 0.00000000395431929932 0.08442617078785599749 
0.69310115391405968666 0.26673475333959728584 0.04016409274634311771 
0.56028081209109115157 0.43971918690890871018 0.00000000099999999999 
0.64637265504311613995 0.35362734395688372180 0.00000000099999999999 
0.70565069713581474176 0.28268452701985885556 0.01166477584432643391 
0.66413507465357657367 0.33094606327452474881 0.00491886207189871395 
0.82380334848953185034 0.16156053381602281105 0.01463611769444516861 
0.67259412656905814831 0.32740587243094165792 0.00000000100000000000 
0.64898328740078059518 0.35101671159921937759 0.00000000099999999999 
0.82448117213997962338 0.11635443635286223107 0.05916439150715819412 
0.78926082013744092158 0.02542225555261110742 0.18531692430994797793 
0.90734730124489659797 0.00000000099999999999 0.09265269775510351358 
0.88894279478668880579 0.04495800590300833011 0.06609919931030282247 
0.87476733146177321210 0.06423948799160146550 0.06099318054662529465 
0.90755743631885865685 0.03097074160049183983 0.06147182208064957964 
0.82979124333904408228 0.13558721115347052710 0.03462154550748544612 
0.80413424042950654158 0.13465355238041121222 0.06121220719008216293 
0.82915270507610039363 0.12547480805040206464 0.04537248687349743764 
0.63222906520943811248 0.36777093379056186029 0.00000000099999999999 
0.57738395204746628675 0.42261604695253374153 0.00000000099999999999 
0.63557233462576900873 0.36442766437423090853 0.00000000099999999999 
0.86918642793919931311 0.07146389463871317960 0.05934967742208769464 
0.62681773463823320380 0.37318226436176671346 0.00000000099999999999 
0.74454775004336892774 0.22922836201095117548 0.02622388794567995923 
0.53505468888466467536 0.46494531011533524190 0.00000000099999999999 
0.73744451214619088919 0.25637515129271765124 0.00618033656109148559 
0.73089569759466099796 0.24351118952923167527 0.02559311287610745514 
0.66676928237091626084 0.30696040691689191471 0.02627031071219185915 
0.70918347741016396490 0.29081652158983589684 0.00000000100000000000 
0.64672322409327054338 0.35327677490672954042 0.00000000099999999999 
0.78522464827925642084 0.20857324443287561522 0.00620210728786788068 
0.74090490456236157701 0.24601675541801748537 0.01307834001962093935 
0.75543265239261181421 0.23981550525282008257 0.00475184235456803990 
0.70977564937222503705 0.29022434962777482470 0.00000000100000000000 
0.81390721286119172007 0.13792299928685197719 0.04816978785195624030 
0.63300636603209936570 0.36677747959254292098 0.00021615437535788548 
0.55209582597975181972 0.44790417302024815305 0.00000000099999999999 
0.65495750530000174106 0.34504249369999828723 0.00000000100000000000 
0.74213808371214684545 0.24910140816407405628 0.00876050812377902714 
0.58738034427690311023 0.41261965472309680703 0.00000000099999999999 
0.64480215993796641261 0.35519783906203356016 0.00000000100000000000 
0.70255587555980081316 0.28325936843990418001 0.01418475600029487846 
0.72039736915952612417 0.27257604949315722420 0.00702658134731656749 
0.78400188230070844142 0.20360225018180144740 0.01239586751749013893 
0.91878361565035748804 0.00000000099999999999 0.08121638334964249861 
0.76053257053281897448 0.18053525832566064135 0.05893217114152039804 
0.76018474325803608860 0.23511272876760155870 0.00470252797436238480 
0.80825422561630644314 0.08102051723831329988 0.11072525714538024311 
0.84791840030505960524 0.03683587150493654316 0.11524572819000382384 
0.79482967255812320140 0.13156441777638838708 0.07360590966548836989 
0.73007992962100032308 0.26992006937899964969 0.00000000100000000000 
0.66013701297741489427 0.33626592950464651022 0.00359705751793861850 
0.81106128943482469484 0.13649392824740408381 0.05244478231777115890 
0.70781506965108276219 0.25159014730530376847 0.04059478304361339301 
0.60976689534609918031 0.39023310365390073695 0.00000000100000000000 
0.79648925961171290755 0.15755479762589252868 0.04595594276239460541 
0.81431892679307615879 0.14219982875510411846 0.04348124445181968112 
0.69602866427787690728 0.30397133472212300997 0.00000000099999999999 
0.63974709912889382579 0.36025289987110603596 0.00000000100000000000 
0.68304776675240286288 0.30839315991694082886 0.00855907333065632735 
0.70851871910977182178 0.27558014580105322233 0.01590113508917488996 
0.65013399254131476468 0.34986600645868520809 0.00000000099999999999 
0.65418105285766003920 0.34581894614233982255 0.00000000099999999999 
0.48746952670323673296 0.51253047229676329533 0.00000000099999999999 
0.57719915299111712592 0.42280084600888279134 0.00000000099999999999 
0.61871429680750689162 0.38128570219249302564 0.00000000099999999999 
0.79992881793506065424 0.16999747872637210877 0.03007370333856712596 
0.74326191831448518155 0.22395893248921952545 0.03277914919629536933 
0.74440909981229497205 0.24888118668846032078 0.00670971349924473232 
0.57396081270815091369 0.42603918629184900357 0.00000000100000000000 
0.79511876888210364367 0.15850064063830127115 0.04638059047959511988 
0.66656003754396775385 0.27422194370953706377 0.05921801874649518238 
0.86218221520476212572 0.10666257715227769887 0.03115520764296013725 
0.75117183727196779053 0.23141107024925913760 0.01741709247877299901 
0.78979638035381471983 0.21020361864618525294 0.00000000100000000000 
0.69183059936193924688 0.30741672651913110048 0.00075267411892956145 
0.67918030695221853765 0.21855736099247294324 0.10226233205530853299 
0.69263050608091403237 0.30033771529673503053 0.00703177862235101342 
0.60348126149177583333 0.39651873750822413944 0.00000000099999999999 
0.70274455750411157773 0.26685838625710173178 0.03039705623878660723 
0.83530989753444018220 0.11736520549175730177 0.04732489697380249521 
0.87370083079679849991 0.04590738025712417375 0.08039178894607745818 
0.74726812062494230027 0.24303797297070400818 0.00969390640435366727 
0.70519063177150931310 0.29473645014925115015 0.00007291807923950216 
0.79765486090137516229 0.16858344419473370035 0.03376169490389115818 
0.78114428445739114704 0.21554756980105316266 0.00330814574155572543 
0.76294588214465375309 0.22330909519075226033 0.01374502266459384954 
0.75855541279122540299 0.22312974035104440884 0.01831484685773017776 
0.70791411947821947237 0.26387135440640724360 0.02821452611537326668 
0.67160627175609444173 0.32839372724390542002 0.00000000099999999999 
0.83227765012932919397 0.00000000099999999999 0.16772234887067097309 
0.90887129423354817703 0.00000000099999999999 0.09112870476645189288 
0.92435126798319333652 0.00000000100000000000 0.07564873101680663625 
0.90617305864552977201 0.00000000100000000000 0.09382694035447029790 
0.84282459030015333123 0.11550103044958386078 0.04167437925026278717 
0.77160123278150138937 0.22544842053425570572 0.00295034668424270976 
0.66923249713887278389 0.33076713013242514672 0.00000037272870219437 
0.79625506661809553055 0.18275500157040350246 0.02098993181150101903 
0.64326427857961288037 0.35673572042038703689 0.00000000099999999999 
0.64018471984310876266 0.34646034035500278270 0.01335493980188851536 
0.63110381502231693851 0.36889618397768292324 0.00000000100000000000 
0.83619120716674311122 0.12120404707299668734 0.04260474576026026389 
0.69142308933885798794 0.30857690966114187381 0.00000000099999999999 
0.75863221616560672089 0.22343334081800936275 0.01793444301638382962 
0.65057780508650209228 0.34942219391349782498 0.00000000099999999999 
0.76857006540106431736 0.22236499393182440620 0.00906494066711129379 
0.56364329860333128863 0.43635670039666857312 0.00000000099999999999 
0.54067120186528028203 0.45932879713471963523 0.00000000099999999999 
0.51040925596333064362 0.48959074303666921812 0.00000000099999999999 
0.67969646221065493918 0.32030353678934492256 0.00000000100000000000 
0.37671579183278641745 0.62328420716721355532 0.00000000099999999999 
0.71026178355598301728 0.28973821544401689998 0.00000000100000000000 
0.76925669708592492313 0.19158045497311021466 0.03916284794096498711 
0.79990715006126722475 0.16043883305139297613 0.03965401688733970892 
0.61296437491198674241 0.38703562408801323036 0.00000000100000000000 
0.68937695134131005137 0.31062304765868981038 0.00000000100000000000 
0.71463611924729897318 0.24961426181249918299 0.03574961894020187853 
0.77753326130116062753 0.19068277173451247952 0.03178396696432676111 
0.81540925655736240518 0.14566909363463556581 0.03892164980800210533 
0.63966682603502023063 0.36033317296497963111 0.00000000100000000000 
0.64386127134875537070 0.35613872765124449105 0.00000000099999999999 
0.64916434649065657414 0.35083565250934334312 0.00000000099999999999 
0.74345831950511109820 0.25560974721635948415 0.00093193327852950092 
0.78175209280129043243 0.19585505256120713802 0.02239285463750241220 
0.80694160923210278558 0.02196460162951086037 0.17109378913838652059 
0.93104154726640597772 0.01119680293406043192 0.05776164979953357648 
0.81175161726403444185 0.00020660679576729789 0.18804177594019824693 
0.79413094541281992189 0.19228161727326542607 0.01358743731391459479 
0.84900296561487098579 0.11612950055769427626 0.03486753382743464080 
0.66401100134722590429 0.33598899765277401297 0.00000000099999999999 
0.72686321015758748043 0.27313678884241243683 0.00000000100000000000 
0.68762745917758338887 0.31237253982241652839 0.00000000100000000000 
0.82065053106758933943 0.17934946793241057783 0.00000000100000000000 
0.72376068670869864174 0.27623931229130122000 0.00000000099999999999 
0.74090982858225606922 0.25909017041774384804 0.00000000100000000000 
0.61866534287857222196 0.38133465612142763979 0.00000000099999999999 
0.68604886432318501477 0.31395113467681484698 0.00000000099999999999 
0.66325751960636469828 0.33674247939363516346 0.00000000099999999999 
0.48142472826580906542 0.51857527073419085184 0.00000000099999999999 
0.68673230784402494731 0.31181775051011040301 0.00144994164586466205 
0.88654760742239246962 0.01807338327655355278 0.09537900930105405739 
0.92430426999934989230 0.00000000100000000000 0.07569572900065013599 
0.92155862838915625357 0.00000000099999999999 0.07844137061084373308 
0.90618880572652149574 0.00000000100000000000 0.09381119327347850478 
0.78804750854642502400 0.21093682552915846151 0.00101566592441640845 
0.91983574462614003941 0.00000000100000000000 0.08016425437385987784 
0.90728689384381866478 0.00000000100000000000 0.09271310515618139125 
0.91369060523643508276 0.01591727512753765908 0.07039211963602728939 
0.72907311926894080578 0.27092687973105911148 0.00000000100000000000 
0.85317379956761008053 0.07747780114018100461 0.06934839929220892873 
0.79063009509452752965 0.18474694039925140809 0.02462296450622088878 
0.68091627532637577502 0.31908372367362419775 0.00000000100000000000 
0.73862920522768482634 0.26137079377231514643 0.00000000099999999999 
0.80143716628618189013 0.16358234496822063320 0.03498048874559749055 
0.79115841436297795752 0.20884156782531368424 0.00000001781170833625 
0.72553581449737147846 0.27446418450262854982 0.00000000100000000000 
0.83059817961167470290 0.10953555324326853804 0.05986626714505676600 
0.92315611101912353753 0.02556745213329292971 0.05127643684758351889 
0.89741771130327041561 0.00000000099999999999 0.10258228769672968206 
0.91663952686173355566 0.02317889277190434902 0.06018158036636195307 
0.87725696725902591044 0.01874067800850856211 0.10400235473246563500 
0.85527109454229177654 0.07333497756934098666 0.07139392788836732007 
0.95194936531753848730 0.00000000100000000000 0.04805063368246145772 
0.90640018421834100959 0.02048166598448367473 0.07311814979717533303 
0.61648983552144620557 0.38351016347855376720 0.00000000099999999999 
0.64306790072456787577 0.35693209827543209700 0.00000000100000000000 
0.83325920414145338011 0.14474494601497370216 0.02199584984357290732 
0.74847677704348747341 0.25152322195651244385 0.00000000099999999999 
0.72084770445199297662 0.26570156334830202782 0.01345073219970501117 
0.83170180622680356386 0.13212414994347243535 0.03617404382972389670 
0.64221980245852883229 0.35778019654147119599 0.00000000099999999999 
0.77905889862393984391 0.19817460625501331917 0.02276649512104680223 
0.67316916728370557177 0.31953536017590900009 0.00729547254038544809 
0.76199558873331596498 0.20818170083163758943 0.02982271043504653926 
0.83065083267414585588 0.15013818027102429631 0.01921098705482977842 
0.68072174522996031776 0.31927825377003959950 0.00000000100000000000 
0.77630180847256791132 0.20343463893747343318 0.02026355258995862774 
0.70989032444964750290 0.29010967455035246987 0.00000000100000000000 
0.58978925354394962088 0.41021074545605018535 0.00000000100000000000 
0.67463162912008911576 0.32536836987991091252 0.00000000099999999999 
0.76177530479600297220 0.22099314377424256195 0.01723155142975460463 
0.83361619396144481797 0.05561905013973621192 0.11076475589881912276 
0.70431059090140424317 0.29568940809859567409 0.00000000100000000000 
0.74610411076613902814 0.25389588651463423918 0.00000000271922682532 
0.81294768560415064940 0.15103111245397654594 0.03602120194187283936 
0.73780551641429326093 0.25568236880129779909 0.00651211478440885845 
0.73275996416256838906 0.22969093562136821962 0.03754910021606346071 
0.70511516086970882355 0.28180196457786549358 0.01308287455242552674 
0.72893135036265965798 0.27106864863734037030 0.00000000099999999999 
0.83311058973794149818 0.14046085274628858364 0.02642855751576986961 
0.80760015640436311202 0.15012173141612941696 0.04227811217950740857 
0.71560510865784054957 0.27448335468183920893 0.00991153666032024150 
0.77836371789239600094 0.21643856853049053823 0.00519771357711353629 
0.90945469492395758504 0.03207369236328540263 0.05847161271275700539 
0.64368412384362783119 0.35631587515637219710 0.00000000099999999999 
0.65259723805410052577 0.34740276094589950251 0.00000000100000000000 
0.69549500148981546754 0.30450499751018439420 0.00000000099999999999 
0.60506888995593655078 0.39493110904406336648 0.00000000099999999999 
0.72668800279073497705 0.27331199620926499572 0.00000000099999999999 
0.69919691815006712599 0.30080308084993279127 0.00000000099999999999 
0.68928797857244583636 0.31071202042755408090 0.00000000100000000000 
0.70955538283466679239 0.29044461465150595014 0.00000000251382707598 
0.65113417430345266190 0.34886582469654731087 0.00000000099999999999 
0.53021071606541447796 0.46978928293458543930 0.00000000099999999999 
0.71783387619005623037 0.28216612280994374240 0.00000000100000000000 
0.74573866959382373309 0.24776293594323692271 0.00649839446293932164 
0.80669422151714109681 0.17544513655244317607 0.01786064193041562304 
0.41976269151488981857 0.58023730748511015420 0.00000000099999999999 
0.69273832182846728500 0.30726167717153263226 0.00000000099999999999 
0.61107527436725561643 0.38892472463274441186 0.00000000099999999999 
0.62882608952619511999 0.37117390947380490829 0.00000000099999999999 
0.64783444473137297148 0.35216555426862711231 0.00000000099999999999 
0.66851448961134651849 0.33148550938865345428 0.00000000099999999999 
0.76984067765102670577 0.23015932134897315597 0.00000000099999999999 
0.65290063646879226145 0.34709936253120760030 0.00000000099999999999 
0.69008841836464074326 0.30991158063535928502 0.00000000099999999999 
0.67533456733254404458 0.32466543166745598370 0.00000000100000000000 
0.69094693924807693008 0.30905305975192293166 0.00000000099999999999 
0.60374080185068190740 0.39625919714931812088 0.00000000099999999999 
0.86452620346375586013 0.08200758196964817726 0.05346621456659606669 
0.86776419902851120725 0.09002849002599748462 0.04220731094549119711 
0.81860754998006857175 0.17034049941870116340 0.01105195060123028046 
0.75512874078972236358 0.24487125821027766470 0.00000000100000000000 
0.81175377061754327990 0.12128276662258882790 0.06696346275986789220 
0.92696921566191869957 0.01640246091319229327 0.05662832342488900716 
0.90130481681836904784 0.03285759870085795675 0.06583758448077295378 
0.85262350488212934607 0.13754262703602657125 0.00983386808184413125 
0.73323926702204478278 0.25249946934339495552 0.01426126363456016975 
0.79272201090983418492 0.15629437348151067888 0.05098361560865517089 
0.86593488123337114537 0.12018017633359004415 0.01388494243303880528 
0.76786200841012508533 0.23213799058987483193 0.00000000100000000000 
0.66126241156286147405 0.33873758743713838770 0.00000000099999999999 
0.69004766935308625708 0.30995232964691360467 0.00000000099999999999 
0.77704416847320123551 0.20667287471460749071 0.01628295681219136051 
0.76446250063499843197 0.23553749836500148529 0.00000000100000000000 
0.70531994745994153195 0.28708944485594095619 0.00759060768411752313 
0.84192413246457875609 0.14361071850696477403 0.01446514902845629121 
0.64020303235878228687 0.35979696664121768590 0.00000000099999999999 
0.55743833238354201232 0.44256166661645796045 0.00000000099999999999 
0.50924715669041009658 0.49075284230958976517 0.00000000099999999999 
0.52639705457890884066 0.47360294442109102109 0.00000000099999999999 
0.58930467339555303585 0.41069532560444699243 0.00000000099999999999 
0.54283370729453661596 0.45716629170546335681 0.00000000099999999999 
0.67872486652700936283 0.32127513247299066546 0.00000000099999999999 
0.67737624598066104031 0.32262375301933882144 0.00000000099999999999 
0.78384567944417848917 0.18704397833427247044 0.02911034222154917916 
0.81735646714069132290 0.16738841235030663124 0.01525512050900212913 
0.87934841020902454467 0.07597661394244685507 0.04467497584852876680 
0.75191200252940204596 0.21246313384804588198 0.03562486362255210676 
0.84109966217601972449 0.11095928428152894429 0.04794105354245116468 
0.80002823622412821969 0.16374024835407297029 0.03623151542179872675 
0.82188938399846489524 0.15772162187223137675 0.02038899412930376964 
0.87620145227067514071 0.08752512145781793373 0.03627342627150702270 
0.74185305504571485979 0.25814694395428511298 0.00000000100000000000 
0.82042943942961543691 0.16680536376725918490 0.01276519680312544931 
0.90606413647109984577 0.02947454444656407921 0.06446131908233607155 
0.89254456196572007354 0.06433140445254929840 0.04312403358173059337 
0.71413743958709507975 0.28586255941290500404 0.00000000099999999999 
0.49635926480403896877 0.50364073419596089298 0.00000000099999999999 
0.74274124575917388480 0.23282651917923705143 0.02443223506158906724 
0.64956641150400828977 0.35043358749599168300 0.00000000100000000000 
0.76836226373729044070 0.23163773526270950431 0.00000000100000000000 
0.84508460064936541389 0.10659711425338420920 0.04831828509725041160 
0.78144328014137287575 0.19353122267896780140 0.02502549717965934714 
0.92934875678745443306 0.01553891804739134484 0.05511232516515424812 
0.93480950323631473164 0.02389017625875758041 0.04130032050492766366 
0.91231550505885095070 0.05484627963560499003 0.03283821530554408008 
0.92626858385505350668 0.01762031019926047978 0.05611110594568594068 
0.85776699003564849111 0.11451957496269811465 0.02771343500165339077 
0.64853419794284461464 0.35146580105715524711 0.00000000099999999999 
0.82688608652977746427 0.14327895877490662291 0.02983495469531581221 
0.66700368166887513688 0.33299631733112494691 0.00000000099999999999 
0.61939568896072705328 0.38060431003927286397 0.00000000099999999999 
0.86161090649411675724 0.12224898349413579335 0.01614011001174734880 
0.68440969891341252307 0.31559030008658750521 0.00000000099999999999 
0.74714830685210209538 0.25285169214789787739 0.00000000100000000000 
0.58673287271435159429 0.41326712628564843399 0.00000000099999999999 
0.76126486936721982079 0.22298507604088396716 0.01575005459189630919 
0.90358196261006240579 0.00000000100000000000 0.09641803638993762249 
0.92564376295242711823 0.00003338186686553342 0.07432285518070731734 
0.73615685248538709207 0.25001566288046123132 0.01382748463415166100 
0.79854219171010532019 0.19714401310355708641 0.00431379518633763937 
0.87775714215670230800 0.09732088160785928865 0.02492197623543850743 
0.90032848949974320085 0.03807209727082536133 0.06159941322943135456 
0.74843746855017079245 0.23249257113687027410 0.01906996031295889182 
0.90800394388938754364 0.00000000099999999999 0.09199605511061244301 
0.88496905885463195141 0.07378656374707986965 0.04124437739828815119 
0.78495922029435738487 0.18375842385435983695 0.03128235585128279206 
0.67197800277817310022 0.32799730876372373833 0.00002468845810322878 
0.77590969778926976996 0.22370383268733884385 0.00038646952339141123 
0.75561335847653110509 0.21232073806003706751 0.03206590346343179271 
0.71147763623410542611 0.28852236276589460218 0.00000000100000000000 
0.71809114865912893055 0.28190885034087098671 0.00000000099999999999 
0.79372875720274016498 0.14439700511658012938 0.06187423768067968483 
0.68074471976411810026 0.31925527923588192802 0.00000000100000000000 
0.87136408316963298581 0.09975145376081281934 0.02888446306955408729 
0.70468462449456892305 0.29531537450543104972 0.00000000099999999999 
0.86358663942175095674 0.07077539738978413930 0.06563796318846479294 
0.78892537651147986999 0.15413302457810379442 0.05694159891041628008 
0.87528818755134440988 0.06749158396786290870 0.05722022848079254265 
0.76474977176607106255 0.22057016832269546458 0.01468005991123334623 
0.72082620069751723868 0.27917379830248278960 0.00000000100000000000 
0.87247523761054357472 0.10861019568454351181 0.01891456670491299674 
0.75557172190228616415 0.24442827709771391964 0.00000000100000000000 
0.63620695573087748809 0.36379304326912242917 0.00000000099999999999 
0.74852417379913316342 0.25124477384762472498 0.00023105235324209108 
0.60456314389165188850 0.39543685510834797325 0.00000000099999999999 
0.70268032651114464837 0.29731967248885532440 0.00000000100000000000 
0.59032048523765445758 0.40967951376234545968 0.00000000099999999999 
0.76547325355902140487 0.22124508004745715994 0.01328166639352160172 
0.84846678645234330229 0.14608631999771132248 0.00544689354994533879 
0.75793381510708746074 0.21971352686127404441 0.02235265803163854342 
0.88019542793417493431 0.11132006128781629650 0.00848451077800883857 
0.83088937634667137111 0.15162756305708507965 0.01748306059624353190 
0.90014489355642901547 0.02840928136534407594 0.07144582507822697104 
0.77750869095098862349 0.21533102069302761938 0.00716028835598366865 
0.88039892069086944648 0.09078816284954309423 0.02881291645958737255 
0.79808700795047637921 0.20191299104952362131 0.00000000100000000000 
0.86836693532699016362 0.08422673479509097672 0.04740632987791897068 
0.79038950459580292751 0.20961049440419715628 0.00000000099999999999 
0.78888643058816876330 0.19136047563182595477 0.01975309378000513275 
0.93874840716074847702 0.01517390613344227028 0.04607768670580926484 
0.75548840870235434153 0.22091838852505180091 0.02359320277259385409 
0.70102837392254890858 0.29897162507745100868 0.00000000100000000000 
0.78144927362370297796 0.20045597386000718609 0.01809475251628977696 
0.75126310476860680421 0.24823692571682626218 0.00049996951456709581 
0.81527309582016815881 0.14345283099883829325 0.04127407318099361039 
0.86905889516818757290 0.10878925656062561622 0.02215184827118675884 
0.69709564092485543085 0.30263262559452375200 0.00027173348062081113 
0.90790691731243666762 0.00908647974035344495 0.08300660294720982324 
0.87816922970370503432 0.07771493044483605839 0.04411583985145892117 
0.87977366794562850139 0.06244731631915679398 0.05777901573521467687 
0.88044978707515586525 0.05856646137934105878 0.06098375154550303434 
0.77440360329102575498 0.20911428289530625824 0.01648211381366795555 
0.67311435390841090065 0.32688564509158907212 0.00000000099999999999 
0.85351013790736951492 0.10375447357197241371 0.04273538852065814075 
0.60811942834248344791 0.39188057065751658037 0.00000000099999999999 
0.76209269743370655625 0.23790730156629347203 0.00000000100000000000 
0.80303020444418382606 0.16056662200308099986 0.03640317355273520877 
0.73543527902112759698 0.24582038336344161356 0.01874433761543073743 
0.82023679237472357784 0.17327344610810557768 0.00648976151717083147 
0.56451269357791067360 0.43548730542208924366 0.00000000099999999999 
0.57469108329735851814 0.42530891570264151014 0.00000000100000000000 
0.45930886400825837734 0.54069113499174170645 0.00000000099999999999 
0.63145421915753119357 0.36854577984246877920 0.00000000099999999999 
0.45961771152467639778 0.54038228747532357499 0.00000000099999999999 
0.46815471338484498931 0.53184528561515509448 0.00000000099999999999 
0.56421699627033072844 0.43578300272966913331 0.00000000099999999999 
0.82557896385498574787 0.14127782610323408319 0.03314321004178011343 
0.79064329105364239414 0.20025225332558280189 0.00910445562077474499 
0.93170981409808539819 0.01608698890190509573 0.05220319700000954771 
0.89298339852394192917 0.07489657356578061087 0.03212002791027733506 
0.76862391838800947497 0.23137608061199058107 0.00000000100000000000 
0.73858117412434209914 0.25475706610479398329 0.00666175977086399650 
0.89814220179547410439 0.03418853615450491434 0.06766926205002093964 
0.83078971779815602439 0.15282346606344235362 0.01638681613840160811 
0.91013179577151548383 0.05514904693711358830 0.03471915729137079604 
0.69926907432176665935 0.27282181261007965034 0.02790911306815370418 
0.91051002183201223961 0.00000000099999999998 0.08948997716798781643 
0.93373879388841862781 0.00000012382583265255 0.06626108228574863201 
0.94499467662600467044 0.00000000099999999999 0.05500532237399529539 
0.90815557192929707853 0.02287844936750144803 0.06896597870320148038 
0.86450180602352733050 0.06730309408407200711 0.06819509989240080117 
0.78277939387762507373 0.20889188682057904800 0.00832871930179589388 
0.84099224906567249249 0.10541391823082874035 0.05359383270349878103 
0.90765790716115091197 0.03953141643043302234 0.05281067640841608651 
0.92501306844229458370 0.02066712583740451525 0.05431980572030084553 
0.82504560557446970925 0.17495439342553023576 0.00000000100000000000 
0.85242230494462756241 0.09403039480979989706 0.05354730024557242951 
0.72963554877423886236 0.26573280277410715744 0.00463164845165403658 
0.64651759403438080476 0.35348240496561905699 0.00000000100000000000 
0.81420978071658733910 0.18253123752240027478 0.00325898176101253661 
0.73490154930919338039 0.25004885338542431894 0.01504959730538218965 
0.82255817824227106527 0.17207423004289240653 0.00536759171483640590 
0.89358620084915330040 0.07893477373699181454 0.02747902541385497527 
0.59717149128514623868 0.40282850771485362307 0.00000000099999999999 
0.71670792945851868883 0.28329206954148122843 0.00000000099999999999 
0.63258992770239708126 0.36741007129760294703 0.00000000099999999999 
0.65531612178531095658 0.34468387721468890517 0.00000000100000000000 
0.00000000099999999998 0.25445668531989995564 0.74554331368010007264 
0.00000000099999999997 0.29281809704744560241 0.70718190195255448138 
0.00000000099999999997 0.35694741340695068654 0.64305258559304923072 
0.00000000099999999997 0.39893722852828572556 0.60106277047171430272 
0.00000000099999999997 0.33162919080304370523 0.66837080819695626754 
0.00000000099999999997 0.33096946089220080633 0.66903053810779933297 
0.00000000099999999997 0.41168967626142488614 0.58831032273857497561 
0.00000000099999999997 0.30239772131269443411 0.69760227768730553866 
0.00000000099999999997 0.24222388419641249779 0.75777611480358764151 
0.00000000099999999998 0.16247947347889354908 0.83752052552110656247 
0.00000000099999999998 0.24861316942068303892 0.75138682957931690609 
0.00000000099999999998 0.32127258079617138087 0.67872741820382853639 
0.00000000099999999997 0.25342125056526454419 0.74657874843473548410 
0.00000000099999999997 0.22912092294888747324 0.77087907605111261056 
0.00000000099999999998 0.19273832153654030241 0.80726167746345967036 
0.00000000099999999997 0.33642585079358938716 0.66357414820641047459 
0.00000000099999999998 0.18665753040235671945 0.81334246859764336435 
0.00000000099999999998 0.00000000099999999998 0.99999999800000005656 
0.00354281563590119839 0.00000000100000000000 0.99645718336409883076 
0.00000000099999999998 0.04449160010277655036 0.95550839889722338771 
0.00000000099999999998 0.23489921293848933792 0.76510078606151066261 
0.00000000099999999997 0.27426913286535592462 0.72573086613464410366 
0.00000000099999999997 0.40198926122936851080 0.59801073777063140646 
0.00000000099999999997 0.47622428591154492006 0.52377571308845494169 
0.00000000099999999997 0.42874291773329681332 0.57125708126670327047 
0.00000000099999999998 0.21079880630828876087 0.78920119269171129517 
0.00000000099999999997 0.39726913700402138874 0.60273086199597858403 
0.00000000099999999998 0.39780016911647048117 0.60219982988352938058 
0.00000000099999999999 0.04255319614297926184 0.95744680285702077338 
0.00000000099999999998 0.08886027239485774776 0.91113972660514241930 
0.00000000099999999999 0.00000000099999999999 0.99999999800000005656 
0.00000000099999999999 0.04061197159963605280 0.95938802740036399630 
0.00000000099999999998 0.34265236724704772886 0.65734763175295218840 
0.00000000099999999997 0.17360947794176856407 0.82639052105823140870 
0.00000000099999999997 0.17937031584650584004 0.82062968315349416049 
0.00000000099999999997 0.06540954571685740626 0.93459045328314260814 
0.00000000099999999998 0.23075048344782150833 0.76924951555217857546 
0.00000000099999999998 0.28693005881936389789 0.71306994018063607488 
0.00000000099999999998 0.20647905429104332353 0.79352094470895662148 
0.00000000099999999997 0.36549213347552855780 0.63450786552447147049 
0.00000000099999999997 0.26744768214810565876 0.73255231685189425850 
0.00000000099999999997 0.40864380322150606339 0.59135619577849396489 
0.00000000099999999997 0.21924790219329959307 0.78075209680670032419 
0.00000000099999999997 0.34636836242202850844 0.65363163657797140882 
0.00000000099999999998 0.13995917249415695816 0.86004082650584290359 
0.00000000099999999998 0.13992517673253179744 0.86007482226746823084 
0.00000000099999999998 0.11062877465233396379 0.88937122434766591184 
0.00000000099999999998 0.19770938171343716006 0.80229061728656281272 
0.00000000099999999998 0.10108176972872688626 0.89891822927127307263 
0.00000000099999999998 0.16712584659043266955 0.83287415240956730322 
0.00000000099999999998 0.26303981774709561670 0.73696018125290418954 
0.00000000099999999998 0.20925041453833009841 0.79074958446166998538 
0.00000000099999999998 0.18545587411413244627 0.81454412488586747099 
0.00000000099999999998 0.26129389359734145337 0.73870610540265857491 
0.00000000099999999997 0.27322316347626884880 0.72677683552373117948 
0.00000000099999999999 0.18074238161904618294 0.81925761738095370657 
0.00000000099999999998 0.07626237893952185487 0.92373762006047821504 
0.00000000099999999998 0.10242946941254690851 0.89757052958745298099 
0.00000000099999999998 0.15127863402847904761 0.84872136497152095291 
0.00000000099999999998 0.21183018306716702717 0.78816981593283286234 
0.00000000099999999998 0.34424061840843223070 0.65575938059156779758 
0.00000000099999999998 0.34979933771170285128 0.65020066128829723251 
0.00000000099999999998 0.27758003921345025811 0.72241995978654982569 
0.00000000099999999998 0.28822022080719661430 0.71177977819280335847 
0.00000000099999999998 0.37467684140964785389 0.62532315759035206337 
0.00000000099999999997 0.40067573571798709153 0.59932426328201282573 
0.00000000099999999998 0.40647383469553011182 0.59352616430446969442 
0.00000000099999999997 0.43708807582206382625 0.56291192317793603550 
0.00000000099999999998 0.27580783150123838743 0.72419216749876158534 
0.00000000099999999998 0.26931683683884571900 0.73068316216115425377 
0.00000000099999999998 0.14338874732599357631 0.85661125167400642422 
0.00000000099999999998 0.37458403342216173293 0.62541596557783829535 
0.00000000099999999998 0.35971859363642483265 0.64028140536357525114 
0.00000000099999999998 0.35471770514120265494 0.64528229385879742885 
0.00000000099999999998 0.33566134502582156696 0.66433865397417846133 
0.00000000099999999997 0.32215116381943759150 0.67784883518056238128 
0.00000000099999999998 0.25523884118157191825 0.74476115781842799901 
0.00000000099999999999 0.00000000099999999999 0.99999999799999994554 
0.00000000099999999999 0.08789727904420130411 0.91210271995579861315 
0.00000000099999999998 0.23679429131860765811 0.76320570768139228690 
0.00000000099999999998 0.00000000099999999998 0.99999999800000005656 
0.00000000099999999998 0.22429590322317846662 0.77570409577682153390 
0.00000000099999999998 0.29463572654081221502 0.70536427245918786877 
0.00000000099999999998 0.42241694911555360825 0.57758304988444630901 
0.00000000099999999998 0.08727439366448942748 0.91272560533551050366 
0.00000000099999999998 0.20814254523142972086 0.79185745376857030742 
0.00000000099999999998 0.27396615643717525668 0.72603384256282477160 
0.00000000099999999997 0.32796060749281391589 0.67203939150718605688 
0.00000000099999999998 0.35188678167127945828 0.64811321732872051449 
0.00000000099999999997 0.37810666396412639934 0.62189333503587351792 
0.00000000099999999997 0.38090474585772332583 0.61909525314227664694 
0.00000000099999999998 0.21740677531862723226 0.78259322368137285153 
0.00000000099999999997 0.35106008966750473776 0.64893990933249512398 
0.00000000099999999998 0.30032176188092885027 0.69967823711907106699 
0.00000000099999999998 0.22529014895283089315 0.77470985004716907962 
0.00000000099999999997 0.31137153863798089359 0.68862846036201919020 
0.00000000099999999998 0.24963417064534743073 0.75036582835465248653 
0.00000000099999999998 0.24348744498212254728 0.75651255401787742549 
0.00000000099999999998 0.27771791044905586032 0.72228208855094422347 
0.00000000099999999997 0.30049852004274701933 0.69950147895725300895 
0.00000000099999999997 0.33008218441707604107 0.66991781458292398721 
0.00000000099999999997 0.30021984161946035918 0.69978015738053955808 
0.00000000099999999997 0.24077955142352394646 0.75922044757647610957 
0.00000000099999999997 0.38598482806717704374 0.61401517093282287352 
0.00000000099999999998 0.35393247103548103327 0.64606752796451905052 
0.00000000099999999999 0.18870465125491966973 0.81129534774508038630 
0.00000000099999999998 0.28673167113882108703 0.71326832786117888574 
0.00000000099999999998 0.05738261736843689592 0.94261738163156305603 
0.00000000099999999997 0.37750189286167251668 0.62249810613832734507 
0.00000000099999999997 0.31101990076517982420 0.68898009823482020408 
0.00000000099999999997 0.29646093105806797796 0.70353906794193199481 
0.00000000099999999997 0.48467149314762097978 0.51532850585237899299 
0.00000000099999999997 0.37532021009859128924 0.62467978890140862802 
0.00000000099999999997 0.42801997494081917006 0.57198002405918091373 
0.00000000099999999998 0.34418710986064182666 0.65581288913935809060 
0.00000000099999999997 0.30743090072367679211 0.69256909827632329169 
0.00000000099999999998 0.29894900431262144691 0.70105099468737852586 
0.00000000099999999998 0.19206703401227548378 0.80793296498772460001 
0.00000000099999999998 0.16406375952846924404 0.83593623947153072873 
0.00000000099999999998 0.29091318818060341034 0.70908681081939672897 
0.00000000099999999998 0.20468542868412484270 0.79531457031587515782 
0.00000000099999999998 0.31936960461186136850 0.68063039438813865978 
0.00000000099999999998 0.52644658205251448901 0.47355341694748559478 
0.00000000099999999998 0.17518768698158002084 0.82481231201842009071 
0.00000000099999999999 0.00000000143190493212 0.99999999756809510032 
0.00000000099999999999 0.00000000099999999999 0.99999999800000005656 
0.00171918380676701473 0.00000000100000000000 0.99828081519323297321 
0.00000000099999999998 0.00000000524049533175 0.99999999375950465730 
0.00000000099999999999 0.00000000630658940385 0.99999999269341066643 
0.00000000099999999999 0.00000000099999999999 0.99999999799999994554 
0.00000000099999999998 0.03290853818161156713 0.96709146081838837095 
0.00000000099999999999 0.06387948180088824646 0.93612051719911171244 
0.00000000099999999999 0.05381622564838005329 0.94618377335161985009 
0.00000000099999999998 0.06431648182541370440 0.93568351717458619898 
0.00000000099999999999 0.04178897078973632662 0.95821102821026382657 
0.00000000099999999998 0.28714052522807087531 0.71285947377192904195 
0.00000000099999999997 0.25942355623345142446 0.74057644276654854831 
0.00000000099999999998 0.26352180019985066428 0.73647819880014930849 
0.00000000099999999997 0.35578911383487299425 0.64421088516512692301 
0.00000000099999999998 0.26437981906301960544 0.73562017993698025631 
0.00000000099999999998 0.18814391157918455844 0.81185608742081538658 
0.00000000099999999998 0.20119408862001597615 0.79880591037998416315 
0.00000000099999999997 0.27168568072850246553 0.72831431827149739622 
0.00000000099999999998 0.14843840003495242796 0.85156159896504768358 
0.00000000099999999999 0.03087103718065517186 0.96912896181934471418 
0.00000000099999999998 0.04089335131240865590 0.95910664768759146259 
0.00000000099999999998 0.00109936510587097728 0.99890063389412908634 
0.00000000099999999998 0.19498316724968189906 0.80501683175031824025 
0.00000000099999999998 0.09945468760781481232 0.90054531139218507718 
0.00000000099999999998 0.18809737046390345716 0.81190262853609651561 
0.00000000099999999998 0.16022018780010593986 0.83977981119989408842 
0.00000000099999999998 0.20063952524539416244 0.79936047375460583808 
0.00000000099999999998 0.19885094030421196498 0.80114905869578811881 
0.00000000099999999999 0.00014446154785396784 0.99985553745214605925 
0.00000000099999999998 0.00000000099999999998 0.99999999800000005656 
0.00000000100000000000 0.02626664052990925272 0.97373335847009079291 
