0.01299041856783701016 0.37115631999797144003 0.61585326143419150124 
0.07012052892715599228 0.04560149628036929553 0.88427797479247471912 
0.05681381395236419912 0.07108519964771981003 0.87210098639991595615 
0.00007860009750007655 0.37249172689358334143 0.62742967300891661075 
0.03274266416407908137 0.13585324805091789080 0.83140408778500307641 
0.04740366235879737294 0.13159279488759309529 0.82100354275360953871 
0.07796013734868020850 0.00079917034327402897 0.92124069230804583874 
0.06842325098938480121 0.00000000100000000000 0.93157674801061507441 
0.09671542353496598299 0.00175661245464996335 0.90152796401038404195 
0.08618949859335102437 0.00000000099999999999 0.91381050040664901779 
0.08524763989197972625 0.00000000100000000000 0.91475235910802032979 
0.04374073578170252496 0.04873994435541922216 0.90751931986287825982 
0.09853986413558853130 0.00000000100000000000 0.90146013486441134432 
0.06503090686113567609 0.03276847334209278401 0.90220061979677157460 
0.08705891894765870054 0.05972909544814088145 0.85321198560420052903 
0.03232121520723686692 0.27447545568637848890 0.69320332910638449153 
0.01889242236604625133 0.21584309212103372499 0.76526448551291992306 
0.02740864139199174557 0.11558379884009548078 0.85700755976791276325 
0.07366383230990269926 0.06383371097028735230 0.86250245671980996232 
0.09776021954868090169 0.05062225475282736142 0.85161752569849169525 
0.05357573387332222742 0.09394926360201881488 0.85247500252465890913 
0.06544920917760550794 0.15698590325042641180 0.77756488757196817740 
0.06705024340346760203 0.05317484274235321356 0.87977491385417927461 
0.07940715900654807258 0.00000741441093806776 0.92058542658251385493 
0.10257145134807388320 0.00000000100000000000 0.89742854765192603406 
0.04745162725564804063 0.06238830892712331211 0.89016006381722856400 
0.04777682629120418717 0.08773469905715511330 0.86448847465164069259 
0.02682859049389861236 0.02981034517318389282 0.94336106433291744278 
0.10517426531130309730 0.01675279191151721886 0.87807294277717962139 
0.10582927290428643941 0.01669054223422927752 0.87748018486148438022 
0.05045062527967302674 0.26112722951724604004 0.68842214520308098180 
0.00974291128477008418 0.26703282382893805957 0.72322426488629176777 
0.00592483878720833062 0.31995228143156795308 0.67412287978122387155 
0.00915527372078468044 0.34460583680653145144 0.64623888947268393057 
0.02997786795099027096 0.18933477387122685243 0.78068735817778289743 
0.00510681828880852305 0.31685261109304690974 0.67804057061814471119 
0.08348148554523472653 0.00000005675494258221 0.91651845769982265288 
0.03958287190962292423 0.26463719691236053944 0.69577993117801639755 
0.00000000099999999999 0.43643532202459101033 0.56356467697540890693 
0.00000000099999999999 0.35051678881544839905 0.64948321018455157372 
0.01127439250925279732 0.28029384906805809852 0.70843175842268912845 
0.00405504761782159336 0.32909164090030762484 0.66685331148187076966 
0.01461759732531714776 0.15885178227864249489 0.82653062039604030531 
0.00000000100000000000 0.32444017081228576638 0.67555982818771431742 
0.00000000099999999999 0.34759432733586387299 0.65240567166413621081 
0.05882828643154036641 0.11420111448370612317 0.82697059908475356593 
0.18401128265257132854 0.02464842528474475020 0.79134029206268385881 
0.09180611323556878145 0.00000000099999999999 0.90819388576443116357 
0.06605551752946041411 0.04260911335554528473 0.89133536911499422484 
0.06094643756404105606 0.06166717018612981327 0.87738639224982917231 
0.06148875738058231372 0.02867061116681090052 0.90984063145260685168 
0.03453388394068711981 0.13297128382236284017 0.83249483223694997758 
0.06080779924299333644 0.13253670608179135559 0.80665549467521524551 
0.04519132759978190805 0.12310284890865579033 0.83170582349156241264 
0.00000000099999999999 0.36453278041975473167 0.63546721858024524110 
0.00000000099999999999 0.41920726909257643999 0.58079272990742347726 
0.00000000099999999999 0.36119182833091384444 0.63880817066908623936 
0.05920407918738077035 0.06920530576880201679 0.87159061504381718510 
0.00000000099999999999 0.36993089062014183899 0.63006910837985796725 
0.02586551061198872833 0.22687940874543746639 0.74725508064257384344 
0.00000000099999999999 0.46173622451564449998 0.53826377448435547279 
0.00600257536905367869 0.25362196958640259581 0.74037545504454382872 
0.02526247263385473021 0.24103749758902520695 0.73370002977712001080 
0.02566216119624245909 0.30480962444845349779 0.66952821435530407435 
0.00000000100000000000 0.28782409993898788736 0.71217589906101208541 
0.00000000099999999999 0.35007852237814629515 0.64992147662185384416 
0.00617446070559904848 0.20574498402210744663 0.78808055527229337045 
0.01285370474212015057 0.24338772375573181073 0.74375857150214808033 
0.00458576289964306768 0.23710295836188527430 0.75831127873847159471 
0.00000000100000000000 0.28702869745651932165 0.71297130154348065112 
0.04788254532954439036 0.13565836748855253369 0.81645908718190307596 
0.00009009757379862518 0.36406481479999391881 0.63584508762620739475 
0.00000000099999999999 0.44465790455675163750 0.55534209444324822424 
0.00000000111592766803 0.34199097895375113465 0.65800901993032112625 
0.00851305463901229874 0.24648233895823512540 0.74500460640275267821 
0.00000000099999999999 0.40951092953802553653 0.59048906946197432521 
0.00000000100000000000 0.35211767697438417501 0.64788232202561579776 
0.01382080557947739860 0.28076497370342029525 0.70541422071710235819 
0.00667014828179122044 0.27010344901787702865 0.72322640270033178300 
0.01231523374853752718 0.20087968888195725792 0.78680507736950522357 
0.08046060637556555484 0.00000000099999999999 0.91953939262443451508 
0.05837895317527050376 0.17851332105199785305 0.76310772577273155992 
0.00462200345593206854 0.23235180039223590764 0.76302619615183198132 
0.10998229279026752736 0.07942767159484223627 0.81059003561489018086 
0.11458786045703707457 0.03535253603382297605 0.85005960350913989387 
0.07309744713597467192 0.12955456620226959985 0.79734798666175565884 
0.00000000100000000000 0.26683094369355264686 0.73316905530644727040 
0.00272663696475463442 0.33437934692973597661 0.66289401610550935384 
0.05207335916598596071 0.13430698600826687650 0.81361965482574716280 
0.04004085735340080082 0.24946826165597826841 0.71049088099062074342 
0.00000000100000000000 0.38721664915398917861 0.61278334984601068314 
0.04568199448639004290 0.15519040851493878796 0.79912759699867119689 
0.04320274763426455028 0.13993611002907288543 0.81686114233666262674 
0.00000000099999999999 0.30074195361417155326 0.69925804538582836400 
0.00000000100000000000 0.35717236389286483034 0.64282763510713525346 
0.00805502736670465208 0.30606745150346847950 0.68587752112982691699 
0.01554755214139028063 0.27311190138050628340 0.71134054647810351923 
0.00000000099999999999 0.34653215170558671065 0.65346784729441320660 
0.00000000099999999999 0.34245529732425650238 0.65754470167574341488 
0.00000000099999999999 0.50938925521883982039 0.49061074378116015238 
0.00000000099999999999 0.41938557336047893598 0.58061442563952103679 
0.00000000099999999999 0.37770849574781506508 0.62229150325218496320 
0.02992303087733669612 0.16745064188819927531 0.80262632723446414307 
0.03229209924358587142 0.22185735791264687977 0.74585054284376728351 
0.00643105840198500162 0.24635813957771551808 0.74721080202029954709 
0.00000000100000000000 0.42294601239563839323 0.57705398660436157954 
0.04603783457902345388 0.15624499504222544299 0.79771717037875111700 
0.05841267987644119947 0.27235964528732686807 0.66922767483623202267 
0.03115187210593203804 0.10405650041638939141 0.86479162747767845953 
0.01721969293904263357 0.22877660250267117803 0.75400370455828613636 
0.00000063492661321672 0.20735985578762705650 0.79263950928575965804 
0.00050542635353505465 0.30481272041430373942 0.69468185323216136151 
0.10108318887525995222 0.21729532851472632693 0.68162148261001376248 
0.00671126500071469231 0.29768904319736422259 0.69559969180192116056 
0.00000000099999999999 0.39335381049949563748 0.60664618850050433529 
0.02981919660974277977 0.26483827390455239037 0.70534252948570486108 
0.04712333424049698627 0.11511141850124040342 0.83776524725826262419 
0.08011777269130139489 0.04385986977171984352 0.87602235753697865750 
0.00951124608988313490 0.24032756371838079335 0.75016119019173610472 
0.00010898816659137119 0.29180556124239703797 0.70808545059101168917 
0.03354627711848619936 0.16615524230501912961 0.80029848057649455306 
0.00315627053745372354 0.21294725325886654232 0.78389647620367985947 
0.01357165863750068278 0.22065518534042999343 0.76577315602206941225 
0.01809730188453358146 0.22059242767216979964 0.76131027044329668829 
0.02764866804188277974 0.26183251846373356564 0.71051881349438361646 
0.00000000099999999999 0.32516516207608309186 0.67483483692391688091 
0.16677623365444638193 0.00000000099999999999 0.83322376534555353533 
0.09030322971106834185 0.00000000099999999999 0.90969676928893172807 
0.07491059373826736145 0.00000000100000000000 0.92508940526173255581 
0.09290667765104633491 0.00000000100000000000 0.90709332134895370725 
0.04151343684499318731 0.11312093951702280326 0.84536562363798395392 
0.00276931578410723103 0.22286395400493086427 0.77436673021096191771 
0.00000152634053419112 0.32785823036660194374 0.67214024329286392589 
0.02089643121191193248 0.18003958934892830279 0.79906397943915985493 
0.00000000099999999999 0.35331759901877624053 0.64668239998122378775 
0.01279335140543580961 0.34413059902822951130 0.64307604956633479532 
0.00000000100000000000 0.36577538251916286161 0.63422461648083716668 
0.04235653456188493565 0.11905854633422369160 0.83858491910389132418 
0.00000000099999999999 0.30532906318358088438 0.69467093581641914390 
0.01770544450272745068 0.22089378993718103428 0.76140076556009150810 
0.00000000099999999999 0.34612962713509870527 0.65387037186490126750 
0.00897804276030620026 0.21959109196478127091 0.77143086527491244730 
0.00000000099999999999 0.43312763102547402472 0.56687236797452589254 
0.00000000099999999999 0.45612661053006214873 0.54387338846993793506 
0.00000000099999999999 0.48605120412916086314 0.51394879487083922065 
0.00000000100000000000 0.31720480010830470752 0.68279519889169526525 
0.00000000099999999999 0.62034211866762012377 0.37965788033237984900 
0.00000000100000000000 0.28667688532365959153 0.71332311367634027022 
0.03876477689700687235 0.18934032831597913393 0.77189489478701389658 
0.03941473711830413562 0.15804274543812765752 0.80254251744356819298 
0.00000000100000000000 0.38412424225009705880 0.61587575674990302499 
0.00000000164359474375 0.30773145430188802996 0.69226854405451720975 
0.03517569762189673432 0.24754504216964373642 0.71727926020845955701 
0.03150414380424682720 0.18829907645423962781 0.78019677974151357969 
0.03873796229566581900 0.14320348004700447775 0.81805855765732959917 
0.00000000100000000000 0.35724029896976511322 0.64275970003023474852 
0.00000000099999999999 0.35280919409925554087 0.64719080490074432088 
0.00000000099999999999 0.34764805957076261311 0.65235193942923719312 
0.00104236711519580319 0.25249083292336321760 0.74646679996144083002 
0.02216929134201129151 0.19336953425141459317 0.78446117440657414654 
0.16989498981451692239 0.02112570514223786541 0.80897930504324511158 
0.05802120061862633266 0.00857882563944975182 0.93339997374192384960 
0.18629731340563554509 0.00038917902083992746 0.81331350757352460779 
0.01353424077727597395 0.18952376842576712512 0.79694199079695693388 
0.03483448096075349859 0.11358349224084700324 0.85158202679839944960 
0.00000000099999999999 0.33293865158853702679 0.66706134741146294598 
0.00000000100000000000 0.27010379005994100687 0.72989620894005891039 
0.00000000100000000000 0.30936391026553761163 0.69063608873446236114 
0.00000000100000000000 0.17626591759344334420 0.82373408140655668408 
0.00000000099999999999 0.27313756793639559772 0.72686243106360448607 
0.00000000100000000000 0.25601908901909076199 0.74398090998090915527 
0.00000000099999999999 0.37806401369918163358 0.62193598530081828368 
0.00000000099999999999 0.31063745889330951488 0.68936254010669062442 
0.00000000099999999999 0.33355763667808696615 0.66644236232191311764 
0.00000000099999999999 0.51527467953429695324 0.48472531946570307504 
0.00087883927715303508 0.30965347674757992547 0.68946768397526703165 
0.09509106412434309430 0.01610204175805033874 0.88880689411760660512 
0.07488683410395391427 0.00000000100000000000 0.92511316489604600299 
0.07782408139825315596 0.00000000099999999999 0.92217591760174677518 
0.09289312972046805117 0.00000000100000000000 0.90710686927953199099 
0.00122599578513929918 0.20774054518317974782 0.79103345903168098552 
0.07933394408734528724 0.00000000100000000000 0.92066605491265474104 
0.09179554533118351733 0.00000000100000000000 0.90820445366881663585 
0.07050810164358679855 0.01337687764725857369 0.91611502070915473706 
0.00000000100000000000 0.26774078716548405099 0.73225921183451603280 
0.06905917006878274644 0.07544061696865753119 0.85550021296255984726 
0.02440426660499284833 0.18231523504251243017 0.79328049835249458965 
0.00000000169471072651 0.31601153221574035390 0.68398846608954888548 
0.00000000099999999999 0.25800747407515089993 0.74199252492484923938 
0.03480405526707001929 0.16103249687671691848 0.80416344785621296509 
0.00001164567188015384 0.20587360784238295519 0.79411474648573687762 
0.00000000100000000000 0.27133971906155057718 0.72866027993844928456 
0.05961868425000116378 0.10722136379532755390 0.83315995195467129619 
0.05148436148278721231 0.02307872916340475075 0.92543690935380806817 
0.10169834757780776835 0.00000000099999999999 0.89830165142219231544 
0.06029831077161389857 0.02067843439145628653 0.91902325483692981489 
0.10372871680317539977 0.01670566700973346794 0.87956561618709105943 
0.07112029786476216364 0.07119848474815602957 0.85768121738708169577 
0.04744362185208061272 0.00000000100000000000 0.95255637714791940862 
0.07312699379919584963 0.01820137735862710146 0.90867162884217711483 
0.00000000099999999999 0.38013455198436657545 0.61986544701563350834 
0.00000000100000000000 0.35388942871260420375 0.64611057028739571351 
0.02196231481242460690 0.14207093335159265424 0.83596675183598279091 
0.00000000099999999999 0.24831794235520773806 0.75168205664479237349 
0.01319001252776653803 0.26306096284997676493 0.72374902462225665367 
0.03606179492131031394 0.12960929748261007521 0.83432890759607958309 
0.00000000099999999999 0.35444562590218831044 0.64555437309781171784 
0.02254335088260075309 0.19566883957033881503 0.78178780954706039719 
0.00665430961417472298 0.31734622108798449247 0.67599946929784082705 
0.02954478632850375888 0.20570831979985462756 0.76474689387164163090 
0.01916921227027594196 0.14746760370950098840 0.83336318402022302454 
0.00000000100000000000 0.31609151398775753306 0.68390848501224255074 
0.02004581152852355497 0.20092054939462514196 0.77903363907685119205 
0.00000000100000000000 0.28696747024552438088 0.71303252875447553638 
0.00000000100000000000 0.40730403286296668064 0.59269596613703334764 
0.00000000099999999999 0.32202207120619652514 0.67797792779380339212 
0.01708374207295230984 0.21825873177113125356 0.76465752615591642272 
0.11017655148882259109 0.05384884941868479935 0.83597459909249249854 
0.00000000100000000000 0.29267642877187372008 0.70732357022812619718 
0.00000327172122097970 0.25079796367050138928 0.74919876460827772302 
0.03595341431063319576 0.14827906403064275431 0.81576752165872401523 
0.00630454281061772811 0.25295019395214540792 0.74074526323723677290 
0.03713050754871197873 0.22731272194385765406 0.73555677050743040191 
0.01276186752820612606 0.27929417188029648234 0.70794396059149733436 
0.00000000099999999999 0.26800561833879360529 0.73199438066120625646 
0.02636176421102334744 0.13784294599496280109 0.83579528979401374045 
0.04204007237198224833 0.14770093233679426614 0.81025899529122347165 
0.00953420489293930508 0.27211730317662408130 0.71834849193043659454 
0.00509688496000507488 0.21369906127402132912 0.78120405376597357172 
0.05849580372821720775 0.02974518167475395658 0.91175901459702879404 
0.00000000099999999999 0.35295011708906559589 0.64704988191093426586 
0.00000000100000000000 0.34437645922012111166 0.65562353977987875009 
0.00000000099999999999 0.30117559830552281808 0.69882440069447715469 
0.00000000099999999999 0.39170241990786713870 0.60829757909213288958 
0.00000000099999999999 0.26998552152359139855 0.73001447747640868524 
0.00000000099999999999 0.29753971083319263879 0.70246028816680727846 
0.00000000100000000000 0.30756086061609666515 0.69243913838390325211 
0.00000037566325388227 0.28753378540904606098 0.71246583892770010138 
0.00000000099999999999 0.34559023923564019531 0.65440975976435966643 
0.00000000099999999999 0.46661782249563199532 0.53338217650436792194 
0.00000000100000000000 0.27902192807024422949 0.72097807092975574328 
0.00627757282528628151 0.24510539866994526803 0.74861702850476841142 
0.01777983944862508367 0.17276237960607473965 0.80945778094530029811 
0.00000000099999999999 0.57680190794686669875 0.42319809105313344055 
0.00000000099999999999 0.30382927377605434272 0.69617072522394574108 
0.00000000099999999999 0.38539204269682386661 0.61460795630317610616 
0.00000000099999999999 0.36785760045482218672 0.63214239854517795258 
0.00000000099999999999 0.34895615072931585043 0.65104384827068406683 
0.00000000099999999999 0.32817832626764686932 0.67182167273235315896 
0.00000000099999999999 0.22696424307360960060 0.77303575592639039993 
0.00000000099999999999 0.34405005957836581887 0.65594993942163404288 
0.00000000099999999999 0.30667903181100569787 0.69332096718899438592 
0.00000000100000000000 0.32174336893090127454 0.67825663006909864272 
0.00000000099999999999 0.30580534748155913105 0.69419465151844084172 
0.00000000099999999999 0.39284095114898809342 0.60715904785101182384 
0.05334350772890951442 0.07964672774366771124 0.86700976452742284373 
0.04222543867558415515 0.08740999271319681296 0.87036456861121902495 
0.01114171063884344774 0.16752663588784627580 0.82133165347331016370 
0.00000000100000000000 0.24177433115577676159 0.75822566784422329444 
0.06653569998949461495 0.11922361171160680837 0.81424068829889850729 
0.05690961160301021005 0.01366862017639095851 0.92942176822059885399 
0.06585363493018481229 0.03049693730881542983 0.90364942776099987931 
0.01002957115846332507 0.13448879794404169918 0.85548163089749507115 
0.01400228130048468758 0.24995825365595905621 0.73603946504355632907 
0.05063613652884412647 0.15403082198743298092 0.79533304148372296893 
0.01407790913874809938 0.11729224463660950506 0.86862984622464245454 
0.00000000100000000000 0.22900625993099843480 0.77099373906900148246 
0.00000000099999999999 0.33541273461278220402 0.66458726438721771324 
0.00000000099999999999 0.30660250385299647746 0.69339749514700332877 
0.01616805182608961264 0.20395165497049988490 0.77988029320341045736 
0.00000000100000000000 0.23247028817796580591 0.76752971082203413911 
0.00715168222243838577 0.28469482886097174923 0.70815348891659002373 
0.01453588309731593774 0.14077354668175601216 0.84469057022092808307 
0.00000000099999999999 0.35634780746013527963 0.64365219153986463763 
0.00000000099999999999 0.43922826787313007380 0.56077173112686984346 
0.00000000099999999999 0.48741531305655527717 0.51258468594344464009 
0.00000000099999999999 0.47014714465739304572 0.52985285434260687154 
0.00000000099999999999 0.40734347835513051717 0.59265652064486951112 
0.00000000099999999999 0.45392319091999860925 0.54607680808000125250 
0.00000000099999999999 0.31784876447803550592 0.68215123452196457787 
0.00000000099999999999 0.31941069645225628193 0.68058930254774374635 
0.02893285609159193181 0.18439561451564223660 0.78667152939276596690 
0.01526164323690122095 0.16456812587458005681 0.82017023088851859214 
0.04470259330024617395 0.07337919896150463250 0.88191820773824924906 
0.03527555372500114361 0.21000795561564319924 0.75471649065935564327 
0.04770344482090562582 0.10878224945452137640 0.84351430572457308799 
0.03602753688740289312 0.16129510741879080071 0.80267735569380638250 
0.02038118866474856669 0.15498334735607680046 0.82463546397917453223 
0.03637629150446829163 0.08481117003538148069 0.87881253846015028319 
0.00000000100000000000 0.25518816256519116781 0.74481183643480886047 
0.01276343301891169277 0.16407691916274116939 0.82315964781834727315 
0.06457308654235027756 0.02694259088344492722 0.90848432257420475011 
0.04322730302124944829 0.06172880292455247553 0.89504389405419804149 
0.00000000099999999999 0.28267298138872298807 0.71732701761127704021 
0.00000000099999999999 0.50025076505252463743 0.49974923394747539085 
0.02415751652889188902 0.23029856903769452270 0.74554391443341350154 
0.00000000100000000000 0.34730918109902725321 0.65269081790097260853 
0.00000000100000000000 0.22863560632956003715 0.77136439267043999113 
0.04817486072512972006 0.10422200141772086646 0.84760313785714935797 
0.02474796079309172711 0.19109971529173816474 0.78415232391516997978 
0.05547282487006433005 0.01257923194004865498 0.93194794318988694037 
0.04165259058215935173 0.02114614924892635126 0.93720126016891436294 
0.03308043644013567569 0.05208862786791385036 0.91483093569195061967 
0.05631407812835915322 0.01509860805406724842 0.92858731381757353418 
0.02776926981310771231 0.11172164830352777909 0.86050908188336450166 
0.00000000099999999999 0.34812284134021787008 0.65187715765978204718 
0.02975328267969170118 0.14064365891106125894 0.82960305840924719600 
0.00000000099999999999 0.32968008254022668213 0.67031991645977317962 
0.00000000099999999999 0.37713061067216591127 0.62286938832783411701 
0.01625820730307405565 0.11947543687573901339 0.86426635582118682688 
0.00000000099999999999 0.31231874714816881822 0.68768125185183115455 
0.00000000100000000000 0.24980427472569194380 0.75019572427430802897 
0.00000000099999999999 0.40974829335934775942 0.59025170564065221335 
0.01562321594379635983 0.22026258437167983706 0.76411419968452376494 
0.09544569537594151110 0.00000000100000000000 0.90455430362405842004 
0.07342589851608646856 0.00001443067541033846 0.92655967080850321071 
0.01352037623849502990 0.24752593346993531642 0.73895369029156965368 
0.00433776070418846488 0.19432525724127711064 0.80133698205453440799 
0.02500808390951377025 0.09465753018942092700 0.88033438590106516397 
0.06149543042380693769 0.03597707188973719994 0.90252749768645590400 
0.01890592537452868982 0.22974979065302672532 0.75134428397244468201 
0.09129212412817394595 0.00000000099999999999 0.90870787487182602682 
0.04131813984240224891 0.07124507097181229098 0.88743678918578561277 
0.03098868218754701614 0.18145613252956335759 0.78755518528288959157 
0.00002626704894149547 0.32510460503918414688 0.67486912791187436689 
0.00058407747941533307 0.22062355197998745338 0.77879237054059713419 
0.03169932703417768088 0.21000039839822903787 0.75830027456759319104 
0.00000000100000000000 0.28539889330492662634 0.71460110569507329092 
0.00000000099999999999 0.27876095500551423267 0.72123904399448568459 
0.06144429535454765112 0.14222592672911124612 0.79632977791634107501 
0.00000000100000000000 0.31603650831061097515 0.68396349068938888660 
0.02897779275721007811 0.09707211394623405099 0.87395009329655581887 
0.00000000099999999999 0.29200987456313881596 0.70799012443686126783 
0.06543545377624776505 0.06857730722406241153 0.86598723899968987894 
0.05651062565713550756 0.15200299227779456857 0.79148638206506993775 
0.05720042965153882691 0.06499842452946254234 0.87780114581899859605 
0.01452872784682094319 0.21787617987451621260 0.76759509227866284942 
0.00000000485576405640 0.27617644173142036346 0.72382355341281545691 
0.01907919507312241802 0.10573696610786828542 0.87518383881900929655 
0.00000000100000000000 0.24132799049583028572 0.75867200850416971480 
0.00000000099999999999 0.36034505087201362805 0.63965494812798628921 
0.00029037327555269434 0.24828535931676043447 0.75142426740768686333 
0.00000000099999999999 0.39197255508969580662 0.60802744391030405513 
0.00000000100000000000 0.29419029173118205200 0.70580970726881797628 
0.00000000099999999999 0.40654957391776230802 0.59345042508223766475 
0.01315695716214628289 0.21853438242182451900 0.76830866041602929872 
0.00562017839713592395 0.14324193323697786973 0.85113788836588633036 
0.02211413932768497084 0.21717479999931543766 0.76071106067299965048 
0.00872198538655678639 0.10833961703723361814 0.88293839757620951048 
0.01754735522044830603 0.14880504637392449885 0.83364759840562729920 
0.07139309067360462280 0.02617881908065583171 0.90242809024573966692 
0.00714998731811089788 0.21234885221888200046 0.78050116046300699324 
0.02895986281824382627 0.08800987998143629254 0.88303025720031991241 
0.00000000100000000000 0.19899302768359933280 0.80100697131640063997 
0.04734861469825561719 0.08176474325989141478 0.87088664204185284312 
0.00000000099999999999 0.20639658154101511722 0.79360341745898499433 
0.01963873436696575783 0.18869712798650062346 0.79166413764653364993 
0.04645008282867588850 0.01225549941085024054 0.94129441776047384494 
0.02330951836966701010 0.21848029003741456511 0.75821019159291835887 
0.00000000100000000000 0.29592832930701595817 0.70407166969298384807 
0.01801568341405378887 0.19769376470287008951 0.78429055188307617019 
0.00054559868414898768 0.24536204225587834871 0.75409235905997262783 
0.04107798602247009906 0.14101422377000102926 0.81790779020752879536 
0.02225058765355368562 0.10602276661219878218 0.87172664573424751833 
0.00029961839962078208 0.29955970625742456281 0.70014067534295465478 
0.08310519762805342048 0.00653801300252195971 0.91035678936942465711 
0.04416444191193828750 0.07501884892065661947 0.88081670916740506527 
0.05768239839306125993 0.06007121361244129043 0.88224638799449750515 
0.06095788761886118678 0.05610162992380166025 0.88294048245733725011 
0.01626746365603706432 0.20658827501140905603 0.77714426133255376516 
0.00000000099999999999 0.32359144937943273845 0.67640854962056717881 
0.04265685759284300327 0.10121778865808211956 0.85612535374907483554 
0.00000000099999999999 0.38843905765537456443 0.61156094134462546386 
0.00000000100000000000 0.23473488145422469198 0.76526511754577530855 
0.03617162066895702327 0.15818867488758933670 0.80563970444345367472 
0.01852102233145265855 0.24318538800384367771 0.73829358966470370884 
0.00657470475250076462 0.17039898580237328174 0.82302630944512589206 
0.00000000099999999999 0.43226419132438864690 0.56773580767561127036 
0.00000000100000000000 0.42221228579078629028 0.57778771320921362697 
0.00000000099999999999 0.53720787849254714175 0.46279212050745283102 
0.00000000099999999999 0.36527801594357833803 0.63472198305642157923 
0.00000000099999999999 0.53694940231552279464 0.46305059668447728916 
0.00000000099999999999 0.52836889077438475848 0.47163110822561538082 
0.00000000099999999999 0.43245074456701887433 0.56754925443298098742 
0.03300373501631551076 0.13873907568318596950 0.82825718930049851974 
0.00907684312761903277 0.19742096496867822530 0.79350219190370274713 
0.05237263699064176325 0.01369947175772356918 0.93392789125163466757 
0.03230810651308149012 0.07207346342844640763 0.89561843005847219246 
0.00000000100000000000 0.22822649042608095238 0.77177350857391902039 
0.00636873425763776792 0.25222757219937108619 0.74140369354299107130 
0.06761322324744004075 0.03194324515613910370 0.90044353159642087636 
0.01643483379659909510 0.14998546082011596225 0.83357970538328496346 
0.03492119682663744756 0.05245921311185386404 0.91261959006150872309 
0.02738246886367382005 0.27067308903285847155 0.70194444210346784718 
0.08906400769317462940 0.00000000099999999998 0.91093599130682545439 
0.06545002519427506327 0.00000025091670809898 0.93454972388901691449 
0.05450604827943587166 0.00000000099999999999 0.94549395072056419131 
0.06892998262525711073 0.02069636512086191552 0.91037365225388100498 
0.06796859626060453019 0.06515016902633442852 0.86688123471306111067 
0.00826086403219881624 0.20608903461513278232 0.78565010135266843960 
0.05337499719336369353 0.10313546171393224438 0.84348954109270413149 
0.05284507979910898351 0.03717588296951793159 0.90997903723137307797 
0.05450104370515998498 0.01818842073659692263 0.92731053555824305423 
0.00000246205998906519 0.17203861687392776880 0.82795892106608326433 
0.05334399434080201730 0.09182768066445580468 0.85482832499474203924 
0.00432286485063924572 0.26322254481933615722 0.73245459033002469074 
0.00000000100000000000 0.35045178953393490984 0.64954820946606506293 
0.00340387011865980272 0.17949922032077750278 0.81709690956056280076 
0.01476828845896284957 0.24749927410883065804 0.73773243743220640045 
0.00550035332719064820 0.16904056367652328663 0.82545908299628611982 
0.02761724612761023295 0.07624440429912367201 0.89613834957326599095 
0.00000000099999999999 0.39962157342220400169 0.60037842557779586006 
0.00000000099999999999 0.28005585821733380847 0.71994414078266621981 
0.00000000099999999999 0.36404347235320044796 0.63595652664679958033 
0.00000000100000000000 0.34156130431135833803 0.65843869468864169026 
0.73591065769233754423 0.26408934130766248405 0.00000000099999999998 
0.69735371492196718268 0.30264628407803279009 0.00000000099999999997 
0.63335984199974504349 0.36664015700025492928 0.00000000099999999997 
0.59172281532999815301 0.40827718367000181976 0.00000000099999999997 
0.65864790045083065895 0.34135209854916931382 0.00000000099999999997 
0.65925283567314740818 0.34074716332685239806 0.00000000099999999997 
0.57895632611973846249 0.42104367288026151028 0.00000000099999999997 
0.68771060731765076834 0.31228939168234920443 0.00000000099999999997 
0.74788691473847124236 0.25211308426152878592 0.00000000099999999997 
0.82725756507326697609 0.17274243392673302444 0.00000000099999999998 
0.74143644180157031176 0.25856355719842966101 0.00000000099999999998 
0.66936962898980156833 0.33063037001019840444 0.00000000099999999998 
0.73699555320980714157 0.26300444579019277569 0.00000000099999999997 
0.76116261047491784453 0.23883738852508218375 0.00000000099999999997 
0.79725704244362138873 0.20274295655637855629 0.00000000099999999998 
0.65405288304047193293 0.34594711595952803984 0.00000000099999999997 
0.80283233765271644344 0.19716766134728350157 0.00000000099999999998 
0.99744114540480743880 0.00255885359519251359 0.00000000099999999999 
0.99562441498097142834 0.00046243374888203163 0.00391315127014663002 
0.94410877582636421046 0.05589122317363579701 0.00000000099999999998 
0.75532478005573266966 0.24467521894426727536 0.00000000099999999998 
0.71580057782296124813 0.28419942117703878015 0.00000000099999999997 
0.58849645024761421119 0.41150354875238570607 0.00000000099999999997 
0.51464549930279546164 0.48535449969720451113 0.00000000099999999997 
0.56205137685407524639 0.43794862214592472638 0.00000000099999999997 
0.77908511677807845697 0.22091488222192143254 0.00000000099999999998 
0.59336243578369884943 0.40663756321630101231 0.00000000099999999997 
0.59309430362193682473 0.40690569537806303702 0.00000000099999999998 
0.94661880647876650574 0.05338119252123350866 0.00000000099999999999 
0.90027089672453053382 0.09972910227546942508 0.00000000099999999998 
0.99759394726040151458 0.00240605173959836842 0.00000000099999999999 
0.94826638577102462246 0.05173361322897533643 0.00000000099999999999 
0.64774648893060127186 0.35225351006939875642 0.00000000099999999998 
0.81645280826326505075 0.18354719073673492202 0.00000000099999999997 
0.80998966584001019786 0.19001033315998974715 0.00000000099999999997 
0.92333951104704203861 0.07666048795295792029 0.00000000099999999997 
0.75946213789683925111 0.24053786110316069391 0.00000000099999999998 
0.70338155393640222623 0.29661844506359774654 0.00000000099999999998 
0.78380469061346536019 0.21619530838653469584 0.00000000099999999998 
0.62507924388669344751 0.37492075511330663629 0.00000000099999999997 
0.72258165344003288943 0.27741834555996702782 0.00000000099999999997 
0.58229658561409847195 0.41770341338590144531 0.00000000099999999997 
0.77033351837148433816 0.22966648062851560685 0.00000000099999999997 
0.64413077109263472408 0.35586922790736513766 0.00000000099999999997 
0.84896152527885104799 0.15103847372114889702 0.00000000099999999998 
0.84902878703507433933 0.15097121196492566120 0.00000000099999999998 
0.87842462830801315565 0.12157537069198694202 0.00000000099999999998 
0.79217620601825244897 0.20782379298174757931 0.00000000099999999998 
0.88816868887985811476 0.11183131012014189964 0.00000000099999999998 
0.82235255163389442412 0.17764744736610560416 0.00000000099999999998 
0.72702365994322426523 0.27297633905677559651 0.00000000099999999998 
0.78067380423732413153 0.21932619476267581349 0.00000000099999999998 
0.80453450886397559483 0.19546549013602443345 0.00000000099999999998 
0.72896064635151402999 0.27103935264848594278 0.00000000099999999998 
0.71727009147483833384 0.28272990752516158341 0.00000000099999999997 
0.80996417871495629548 0.19003582028504362178 0.00000000099999999999 
0.91273113130937777449 0.08726886769062228155 0.00000000099999999998 
0.88614174522894340047 0.11385825377105668332 0.00000000099999999998 
0.83793391635222569391 0.16206608264777438988 0.00000000099999999998 
0.77753361320428060477 0.22246638579571934025 0.00000000099999999998 
0.64626801245844200938 0.35373198654155785237 0.00000000099999999998 
0.64087879694179383794 0.35912120205820602381 0.00000000099999999998 
0.71255198907415484566 0.28744800992584501609 0.00000000099999999998 
0.70172921163353951801 0.29827078736646039925 0.00000000099999999998 
0.61604151821402197697 0.38395848078597805131 0.00000000099999999998 
0.59012396489322571647 0.40987603410677425630 0.00000000099999999997 
0.58435490490327846036 0.41564509409672140139 0.00000000099999999998 
0.55393613951076214885 0.44606385948923787943 0.00000000099999999997 
0.71450538850254219359 0.28549461049745777919 0.00000000099999999998 
0.72094711808298750366 0.27905288091701246911 0.00000000099999999998 
0.84610528712825527897 0.15389471187174466604 0.00000000099999999998 
0.61611717454572789698 0.38388282445427207579 0.00000000099999999998 
0.63100053296011571202 0.36899946603988420524 0.00000000099999999998 
0.63575445898020011004 0.36424554001979980722 0.00000000099999999998 
0.65512184397964023930 0.34487815502035962245 0.00000000099999999998 
0.66805673481029803629 0.33194326418970193648 0.00000000099999999997 
0.73528618403392220770 0.26471381496607770956 0.00000000099999999998 
0.99999999800000005656 0.00000000099999999999 0.00000000099999999999 
0.90161644759510017888 0.09838355140489975226 0.00000000099999999999 
0.75328947169954052487 0.24671052730045939239 0.00000000099999999998 
0.99999999799999994554 0.00000000099999999998 0.00000000099999999998 
0.76521819342195129821 0.23478180557804873008 0.00000000099999999998 
0.69583167719431848752 0.30416832180568159627 0.00000000099999999998 
0.56859656381680123705 0.43140343518319862470 0.00000000099999999998 
0.90164713047433642235 0.09835286852566355043 0.00000000099999999998 
0.78195117126110003092 0.21804882773889985859 0.00000000099999999998 
0.71669374830671961352 0.28330625069328035925 0.00000000099999999998 
0.66264595068032783320 0.33735404831967202854 0.00000000099999999998 
0.63850065053716620334 0.36149934846283376944 0.00000000099999999998 
0.61257105847944470778 0.38742894052055520948 0.00000000099999999998 
0.60964218661756641726 0.39035781238243350000 0.00000000099999999997 
0.77272490917506553298 0.22727508982493443979 0.00000000099999999998 
0.63936044836948835446 0.36063955063051161831 0.00000000099999999997 
0.69009070099692138012 0.30990929800307859265 0.00000000099999999998 
0.76461244530634508987 0.23538755369365477188 0.00000000099999999998 
0.67880939774492721206 0.32119060125507264969 0.00000000099999999997 
0.74086754404848187416 0.25913245495151815412 0.00000000099999999998 
0.74644646519342305879 0.25355353380657691398 0.00000000099999999998 
0.71265636470167825767 0.28734363429832165959 0.00000000099999999998 
0.68976884063501509026 0.31023115836498488251 0.00000000099999999997 
0.66041104214689050345 0.33958895685310935830 0.00000000099999999997 
0.68980283081415116886 0.31019716818584885942 0.00000000099999999997 
0.74888221652938602446 0.25111778247061389280 0.00000000099999999997 
0.60460666142854158078 0.39539333757145828097 0.00000000099999999997 
0.63647022046775469928 0.36352977853224527349 0.00000000099999999998 
0.80311446681574405471 0.19688553218425594582 0.00000000100000000000 
0.70367421955520859100 0.29632577944479143728 0.00000000099999999998 
0.93133788388125071656 0.06866211511874921458 0.00000000099999999998 
0.61269450255743207467 0.38730549644256778707 0.00000000099999999997 
0.67911648724193796056 0.32088351175806201221 0.00000000099999999997 
0.69361764771194023282 0.30638235128805962892 0.00000000099999999997 
0.50610940121176162254 0.49389059778823818370 0.00000000099999999997 
0.61528279621145620659 0.38471720278854371067 0.00000000099999999998 
0.56271259752288227407 0.43728740147711758768 0.00000000099999999997 
0.64631912915077982529 0.35368086984922014748 0.00000000099999999998 
0.68294158339298327576 0.31705841560701664150 0.00000000099999999997 
0.69144271122766920445 0.30855728777233071281 0.00000000099999999998 
0.79816715939106974709 0.20183283960893005915 0.00000000099999999998 
0.82540135378483470152 0.17459864521516516023 0.00000000099999999998 
0.69930132986642401516 0.30069866913357584659 0.00000000099999999998 
0.78478785702441622441 0.21521214197558366510 0.00000000099999999998 
0.67107901640156586431 0.32892098259843405295 0.00000000099999999998 
0.46502714736440736720 0.53497285163559260557 0.00000000099999999998 
0.81451593799381227790 0.18548406100618772263 0.00000000099999999998 
0.98712727939498878804 0.01287271960501126106 0.00000000099999999999 
0.99999999799999994554 0.00000000099999999999 0.00000000099999999999 
0.99846477641186426322 0.00000917637073343771 0.00152604721740231706 
0.98551322162111343328 0.01448677737888652735 0.00000000099999999998 
0.98362624796969733154 0.01637375103030267592 0.00000000099999999999 
0.99991703797531383824 0.00008296102468617076 0.00000000099999999999 
0.95575853526745402355 0.04424146373254594922 0.00000000099999999998 
0.92487199747882908873 0.07512800152117088404 0.00000000099999999999 
0.93464627936252497875 0.06535371963747502178 0.00000000099999999999 
0.92502916339268215218 0.07497083560731777896 0.00000000099999999998 
0.94706100558328920602 0.05293899341671066267 0.00000000099999999999 
0.70341247608035883943 0.29658752291964113335 0.00000000099999999998 
0.73078099080227321149 0.26921900819772676128 0.00000000099999999997 
0.72679550632894973639 0.27320449267105012536 0.00000000099999999998 
0.63489134779295697264 0.36510865120704294462 0.00000000099999999997 
0.72582026823435208396 0.27417973076564794432 0.00000000099999999998 
0.80148054062729900959 0.19851945837270093542 0.00000000099999999998 
0.78873083322162662601 0.21126916577837329125 0.00000000099999999998 
0.71847529537503851405 0.28152470362496145873 0.00000000099999999997 
0.84173387590689185966 0.15826612309310816862 0.00000000099999999998 
0.95814752262656044390 0.04185247637343939009 0.00000000099999999999 
0.94848085646715829533 0.05151914253284160805 0.00000000099999999998 
0.97380372667137493625 0.02619627232862490121 0.00000000099999999998 
0.79547269838191125846 0.20452730061808857553 0.00000000099999999998 
0.88958896541190624063 0.11041103358809373214 0.00000000099999999998 
0.80201363621670906934 0.19798636278329101446 0.00000000099999999998 
0.82956977564996814412 0.17043022335003182866 0.00000000099999999998 
0.78906910371585325947 0.21093089528414657452 0.00000000099999999998 
0.79103427632843126283 0.20896572267156870994 0.00000000099999999998 
0.97600249125342208867 0.02399750774657791533 0.00000000099999999999 
0.99999999799999994554 0.00000000099999999998 0.00000000099999999998 
0.96400460762571948958 0.03599539137428049707 0.00000000100000000000 
