0.01331190855952682495 0.61482984743382307347 0.37185824400665012934 
0.07008641592762079875 0.88333961095027191401 0.04657397312210732887 
0.05681777997285862580 0.87119899255388200121 0.07198322747325944237 
0.00000054729144603034 0.62630936539176751410 0.37369008731678626800 
0.03273977252038873242 0.83038808977650890863 0.13687213770310241445 
0.04746699699559751157 0.82004698875296289096 0.13248601425143954891 
0.07858290002798438978 0.92129782811033145151 0.00011927186168408012 
0.06866570241200208036 0.93133429658799782302 0.00000000100000000000 
0.09747749489648223353 0.90164483226823044504 0.00087767283528738377 
0.08641494032111764201 0.91358505867888240015 0.00000000099999999999 
0.08551774765055905614 0.91448225134944083337 0.00000000100000000000 
0.04364979903960474611 0.90661274985066742094 0.04973745110972783295 
0.09885400661412246937 0.90114599238587755892 0.00000000100000000000 
0.06493241362339571832 0.90125673058228605861 0.03381085579431814675 
0.08712754348758172673 0.85233969613757154526 0.06053276037484674188 
0.03250017997085546256 0.69219158600668073689 0.27530823402246390463 
0.01894462234061537048 0.76421090365651256349 0.21684447400287218399 
0.02739807120313923067 0.85603659599028625315 0.11656533280657450924 
0.07369334638146544936 0.86159391774066662606 0.06471273587786792458 
0.09784393442016814380 0.85076762725820564981 0.05138843832162617170 
0.05356786145301237201 0.85151561625353477947 0.09491652229345289016 
0.06559082086381937127 0.77662354967940805395 0.15778562945677260254 
0.06705050727665250176 0.87890964097401202970 0.05403985174933539914 
0.07972479600379475673 0.92027520299620524380 0.00000000100000000000 
0.10289085077278532776 0.89710914822721465889 0.00000000100000000000 
0.04736839649181705941 0.88920554136511253951 0.06342606214307036638 
0.04775203435046020128 0.86354194057737410084 0.08870602507216565624 
0.02664656139915819177 0.94248195636195331026 0.03087148223888851878 
0.10518117067257844177 0.87719323345826749616 0.01762559586915403778 
0.10583723956586692239 0.87660636558332338808 0.01755639485080952994 
0.05071004937274273261 0.68746603991453214544 0.26182391071272509420 
0.00984988663589614517 0.72217619665207533064 0.26797391671202858143 
0.00627319430228272593 0.67312097692422045991 0.32060582877349685926 
0.00951354187836714327 0.64524945027953295451 0.34523700784209992998 
0.03006649011824907153 0.77972549838701599167 0.19020801149473498537 
0.00538331545910508864 0.67698749260622381740 0.31762919193467115120 
0.08379466151298664567 0.91620533748701327159 0.00000000100000000000 
0.03976718511045940208 0.69478481450055951107 0.26544800038898092032 
0.00000000099999999999 0.56233544603405682949 0.43766455296594325430 
0.00000000099999999999 0.64831044737875398454 0.35168955162124593272 
0.01140159499911696725 0.70737500519139850930 0.28122339980948451998 
0.00441940294694274233 0.66583290117223326021 0.32974769588082397664 
0.01460286542514788524 0.82549989850353078236 0.15989723607132147465 
0.00000000100000000000 0.67445018995742878065 0.32554980904257130314 
0.00000000099999999999 0.65111011453540335037 0.34888988446459667792 
0.05889191685541560889 0.82603018026957453213 0.11507790287500997695 
0.18432176322331719764 0.79055512696837570985 0.02512310980830703352 
0.09208602134993791599 0.90791397765006198739 0.00000000099999999999 
0.06598971298514007267 0.89042305084144535154 0.04358723617341452722 
0.06089028086130575390 0.87639324986536526474 0.06271646927332896748 
0.06140101692113288795 0.90896020622996342997 0.02963877684890363698 
0.03452602320202156211 0.83147944091203318528 0.13399453588594517628 
0.06089572507091779718 0.80570988764722373254 0.13339438728185837313 
0.04521785631687263995 0.83075699052972862280 0.12402515315339872337 
0.00000000099999999999 0.63425890040562737937 0.36574109859437270442 
0.00000000099999999999 0.57952458159815389838 0.42047541740184612991 
0.00000000099999999999 0.63760719237727681019 0.36239280662272321809 
0.05918722276373450386 0.87067650124372930609 0.07013627599253623168 
0.00000000099999999999 0.62886022248543693713 0.37113977651456320217 
0.02597232238728189313 0.74624459102711759861 0.22778308658560034172 
0.00000000099999999999 0.53707609282287949171 0.46292390617712048106 
0.00607515525688718822 0.73929036611206555563 0.25463447863104721192 
0.02535007281426113548 0.73263544212385400822 0.24201448506188477650 
0.02585964480060940970 0.66848830702024475414 0.30565204817914592983 
0.00000000100000000000 0.71105689301126784319 0.28894310598873212959 
0.00000000099999999999 0.64875521439356931275 0.35124478460643077105 
0.00616862714716221849 0.78700020305559470479 0.20683116979724325279 
0.01292197266687458712 0.74268973479349087441 0.24438829253963451071 
0.00462663220482994325 0.75721027443471389251 0.23816309336045604628 
0.00000000100000000000 0.71178829356248174420 0.28821170543751828408 
0.04793689454625796320 0.81549591875855265144 0.13656718669518949638 
0.00000192892491425989 0.63475020077684496389 0.36524787029824079543 
0.00000000099999999999 0.55410934531436295547 0.44589065368563712832 
0.00000000100000000000 0.65688274471644692021 0.34311725428355305256 
0.00860460552192329753 0.74394284900266471894 0.24745254547541203904 
0.00000000099999999999 0.58932393729417931194 0.41067606170582077185 
0.00000000100000000000 0.64673523580333236449 0.35326476319666783033 
0.01394917237044365592 0.70434744391941150887 0.28170338371014475021 
0.00681201367434277390 0.72217483368026980095 0.27101315264538727856 
0.01232497202281268751 0.78574387177135252003 0.20193115620583490522 
0.08071330283270850003 0.91928669616729141723 0.00000000099999999999 
0.05852569690560711912 0.76214698771661060217 0.17932731537778223707 
0.00464339703187219982 0.76194413839423236201 0.23341246457389544511 
0.11015912478984868361 0.80972077259954688966 0.08012010261060434346 
0.11468830159410284275 0.84922221005973907992 0.03608948834615812590 
0.07320407008544435601 0.79639085133342202294 0.13040507858113364881 
0.00000000100000000000 0.73201084192331822287 0.26798915707668174990 
0.00311005295527996091 0.66188171058880551634 0.33500823645591470967 
0.05215503440513734323 0.81266373910407507797 0.13518122649078756492 
0.04021099997150417993 0.70949581013601092927 0.25029318989248494631 
0.00000000100000000000 0.61164964789685893898 0.38835035110314092277 
0.04574243737057907128 0.79815117403530266849 0.15610638859411812840 
0.04325784082440894268 0.81590591501176668032 0.14083624416382453659 
0.00000000099999999999 0.69805639859455648200 0.30194360040544354629 
0.00000000100000000000 0.64167616563573670607 0.35832383336426348874 
0.00824643657559475003 0.68482277638335187220 0.30693078704105336563 
0.01567248679154246982 0.71029497834956012436 0.27403253485889750296 
0.00000000099999999999 0.65221698732781030472 0.34778301167218972356 
0.00000000099999999999 0.65628705392743791336 0.34371294507256200390 
0.00000000099999999999 0.48946019744255542250 0.51053980155744449476 
0.00000000099999999999 0.57936040530585686259 0.42063959369414311018 
0.00000000099999999999 0.62094154443653082343 0.37905845456346920486 
0.02994048596428216732 0.80160675429801842018 0.16845275973769943678 
0.03243577655241739605 0.74487703261777615804 0.22268719082980639734 
0.00653577164082344737 0.74616951842947520923 0.24729470992970131737 
0.00000000100000000000 0.57593130355426880307 0.42406869544573128072 
0.04611313153409749704 0.79673995161938282461 0.15714691684651965753 
0.05865450771367967248 0.66822628504373926539 0.27311920724258109683 
0.03111514252128126309 0.86381576699100359740 0.10506909048771502502 
0.01728628071791395507 0.75296387775942197340 0.22974984152266414439 
0.00000000100000000000 0.79156093740235589085 0.20843906159764413744 
0.00021869048072885343 0.69354458707870125789 0.30623672244056987513 
0.10143589702264149688 0.68072295230108303965 0.21784115067627557449 
0.00684866667548269040 0.69450599913726318579 0.29864533418725425218 
0.00000000099999999999 0.60548859707855595680 0.39451140192144396046 
0.02999656765036886469 0.70435727490755506430 0.26564615744207609183 
0.04714763113120562510 0.83684743285100504639 0.11600493601778931463 
0.08012774960796070767 0.87513987977488594261 0.04473237061715341217 
0.00957759248949599518 0.74909086650214629088 0.24133154100835776945 
0.00000435046731951627 0.70699074762145719397 0.29300490191122330330 
0.03358485660667442918 0.79929891842755662612 0.16711622496576883368 
0.00321045929642029427 0.78285837249521805781 0.21393116820836158287 
0.01362431670977078471 0.76472771292472774274 0.22164797036550146214 
0.01815107171423222324 0.76026336294631891022 0.22158556533944892553 
0.02783611860324350026 0.70954657795714437540 0.26261730343961220413 
0.00000000099999999999 0.67362173925453272538 0.32637825974546730290 
0.16708792255924326264 0.83291207644075671013 0.00000000099999999999 
0.09057686700751264863 0.90942313199248736577 0.00000000099999999999 
0.07515425347234776232 0.92484574552765219657 0.00000000100000000000 
0.09321073630909734731 0.90678926269090276424 0.00000000100000000000 
0.04153266374710967018 0.84442622967173741610 0.11404110658115271248 
0.00283602565841139598 0.77333440467885528058 0.22382956966273331867 
0.00000000100000000000 0.67104861618476185914 0.32895138281523822466 
0.02091539218901631095 0.79802644273051182022 0.18105816508047203883 
0.00000000099999999999 0.64540430097226042516 0.35459569802773949210 
0.01302803510405945060 0.64201808764546408614 0.34495387725047654826 
0.00000000100000000000 0.63306062790260042572 0.36693937109739965807 
0.04238807593583733546 0.83766673005977088096 0.11994519400439188073 
0.00000000099999999999 0.69344348455551663157 0.30655651444448345222 
0.01777329687811728121 0.76036494570676460558 0.22186175741511809933 
0.00000000099999999999 0.65261919314714855744 0.34738080585285147084 
0.00900139421119199208 0.77036614776421064033 0.22063245802459735545 
0.00000000099999999999 0.56566147245533315857 0.43433852654466681420 
0.00000000099999999999 0.54268459822061942965 0.45731540077938065414 
0.00000000099999999999 0.51267138968703762636 0.48732860931296251294 
0.00000000100000000000 0.68164671688422162621 0.31835328211577840207 
0.00000000099999999999 0.37858407700240404026 0.62141592199759587700 
0.00000000100000000000 0.71218726083825500961 0.28781273816174485214 
0.03887524457026239610 0.77091685509282159572 0.19020790033691603593 
0.03946070800952670293 0.80154900682198737538 0.15899028516848592862 
0.00000000100000000000 0.61480293431119792391 0.38519706468880215988 
0.00000000100000000000 0.69118743664786841396 0.30881256235213172534 
0.03535993056526230000 0.71629974537332330442 0.24834032406141445803 
0.03157748266565614526 0.77919793806335857500 0.18922457927098532138 
0.03876038545646040556 0.81705902451104317485 0.14418059003249650285 
0.00000000100000000000 0.64160593493215711813 0.35839406406784291015 
0.00000000099999999999 0.64594771537867956557 0.35405228362132051823 
0.00000000099999999999 0.65114896958908341507 0.34885102941091672424 
0.00080503382107726198 0.74530868318314003051 0.25388628299578253067 
0.02222647438520360119 0.78345255691753468152 0.19432096869726170341 
0.17018212847041069846 0.80821659296615377954 0.02160127856343554628 
0.05779124633945101341 0.93241887843072734920 0.00978987522982155758 
0.18703439481793018850 0.81295427939081787994 0.00001132579125181722 
0.01354095225047917753 0.79588854641787787347 0.19057050133164291084 
0.03480087757188151526 0.85060817985677039665 0.11459094257134820605 
0.00000000099999999999 0.66592081832498817295 0.33407918067501191084 
0.00000000100000000000 0.72876412338560714321 0.27123587561439282956 
0.00000000100000000000 0.68951338276029694452 0.31048661623970297274 
0.00000000100000000000 0.82256960111035937189 0.17743039788964054537 
0.00000000099999999999 0.72569473218063484943 0.27430526681936523437 
0.00000000100000000000 0.74284226627771232643 0.25715773272228775737 
0.00000000099999999999 0.62070498859042677608 0.37929501040957325220 
0.00000000099999999999 0.68811603837489221380 0.31188396062510770346 
0.00000000099999999999 0.66524465844963187600 0.33475534055036831882 
0.00000000099999999999 0.48347822130749967817 0.51652177769250029460 
0.00079207916146018941 0.68839380988304166298 0.31081411095549832391 
0.09506571774493097204 0.88791591846535022903 0.01701836378971879893 
0.07515776436532502214 0.92484223463467496451 0.00000000100000000000 
0.07803064336550770419 0.92196935563449233797 0.00000000099999999999 
0.09320042807816250607 0.90679957092183749445 0.00000000100000000000 
0.00108394751665116438 0.78990364702114357343 0.20901240546220523076 
0.07960948123563231504 0.92039051776436764385 0.00000000100000000000 
0.09210064657358006668 0.90789935242641983670 0.00000000100000000000 
0.07035376298809505047 0.91515557420212112483 0.01449066280978380909 
0.00000000100000000000 0.73108439546465109338 0.26891560353534893490 
0.06909434948067874616 0.85462938553367506778 0.07627626498564621382 
0.02446265884017994469 0.79229393021407290565 0.18324341094574708722 
0.00000000100000000000 0.68284402235848806750 0.31715597664151207180 
0.00000000099999999999 0.74073620828578656816 0.25926379071421346012 
0.03482828934290754797 0.80313807563245287469 0.16203363502463949408 
0.00000004813674305942 0.79301747367623021123 0.20698247818702672496 
0.00000000100000000000 0.72750156592741277439 0.27249843307258725389 
0.05964627318143191775 0.83219540726888330262 0.10815831954968481432 
0.05132196379617112031 0.92453143110918678538 0.02414660509464207003 
0.10199126391984307538 0.89800873508015688351 0.00000000099999999999 
0.06015277830305831852 0.91808148987159399201 0.02176573182534768600 
0.10369400880988015323 0.87865813895877264983 0.01764785223134726633 
0.07115547431232854825 0.85678528886655336283 0.07205923682111799178 
0.04764719422985502079 0.95235280477014483402 0.00000000100000000000 
0.07301161301003085413 0.90777505090792720566 0.01921333608204189511 
0.00000000099999999999 0.61861285558279355268 0.38138714341720636458 
0.00000000100000000000 0.64496357730780984330 0.35503642169219029601 
0.02194969810229946763 0.83495232360498738977 0.14309797829271322933 
0.00000000099999999999 0.75046197437376771511 0.24953802462623234093 
0.01327295110830286132 0.72266426420546769904 0.26406278468622934597 
0.03605720371850240635 0.83333350652044546614 0.13060928976105204424 
0.00000000099999999999 0.64429435907324605903 0.35570563992675402476 
0.02259480197151789160 0.78076247375466178990 0.19664272427382040176 
0.00690300506634821797 0.67493289165685221853 0.31816410327679950365 
0.02962306942168289534 0.76372577331663038525 0.20665115726168670207 
0.01916040813118318614 0.83234841002391091180 0.14849118184490597838 
0.00000000100000000000 0.68271410053286207820 0.31728589846713800560 
0.02009830899083637698 0.77800410966506072796 0.20189758134410279444 
0.00000000100000000000 0.71186057103891331455 0.28813942796108671374 
0.00000000100000000000 0.59160897100537623849 0.40839102799462373428 
0.00000000099999999999 0.67673533599683677320 0.32326466300316319957 
0.01712078388879558974 0.76358171117308759612 0.21929750493811686618 
0.11028510806633234909 0.83508611864720383444 0.05462877328646385117 
0.00000000100000000000 0.70619274934418574396 0.29380724965581422881 
0.00000000106333113449 0.74804091488437385316 0.25195908405229511251 
0.03593787939803223114 0.81471212538402160153 0.14934999521794614652 
0.00637682689100309980 0.73963766583554202416 0.25398550727345492461 
0.03725131042232881357 0.73451715008058648948 0.22823153949708466226 
0.01287114412259062618 0.70688456596235815788 0.28024428991505134778 
0.00000000099999999999 0.73084839727918504693 0.26915160172081498136 
0.02635169004358603462 0.83479078258818650848 0.13885752736822742914 
0.04209055414908416393 0.80927476111597951292 0.14863468473493626765 
0.00967076274495467202 0.71731914551261388713 0.27301009174243157096 
0.00510315029070417415 0.78011705066640890660 0.21477979904288696522 
0.05840807795480897069 0.91086825859179287868 0.03072366345339822349 
0.00000000099999999999 0.64580175913118054165 0.35419823986881959765 
0.00000000100000000000 0.65448991323082084115 0.34551008576917918713 
0.00000000099999999999 0.69756790549376157529 0.30243209350623839748 
0.00000000099999999999 0.60709397069023407489 0.39290602830976589788 
0.00000000099999999999 0.72877711101263753513 0.27122288798736254867 
0.00000000099999999999 0.70124158607698983126 0.29875841292301014152 
0.00000000100000000000 0.69126934943661899613 0.30873064956338092113 
0.00000000100000000000 0.71137362813119586757 0.28862637086880416071 
0.00000000099999999999 0.65316884714141831836 0.34683115185858176543 
0.00000000099999999999 0.53221822912449856524 0.46778176987550151855 
0.00000000100000000000 0.71980554338573365936 0.28019445561426625790 
0.00635720081720881312 0.74754493760009899095 0.24609786158269220113 
0.01778432512070740948 0.80841581795999251092 0.17379985691930005531 
0.00000000099999999999 0.42190629601551926653 0.57809370298448081726 
0.00000000099999999999 0.69489539643080944220 0.30510460256919053057 
0.00000000099999999999 0.61327302819085860452 0.38672697080914142376 
0.00000000099999999999 0.63091849764961083213 0.36908150135038914064 
0.00000000099999999999 0.64983496120104611293 0.35016503779895397086 
0.00000000099999999999 0.67057901966147870354 0.32942097933852132474 
0.00000000099999999999 0.77184710816854462667 0.22815289083145540161 
0.00000000099999999999 0.65482303450811085721 0.34517696449188922658 
0.00000000099999999999 0.69211639690775061950 0.30788360209224946429 
0.00000000100000000000 0.67716231071750820902 0.32283768828249187477 
0.00000000099999999999 0.69299554729753287674 0.30700445170246720705 
0.00000000099999999999 0.60588271308600849530 0.39411728591399158850 
0.05333203895170496311 0.86607321010724080956 0.08059475094105422732 
0.04217432940781019879 0.86939288440251438761 0.08843278618967535809 
0.01108724943093116269 0.82031245309278366662 0.16860029747628510477 
0.00000000100000000000 0.75705845007526839652 0.24294154892473165952 
0.06662877023186186687 0.81331478044101113145 0.12005644932712702944 
0.05669241941475727797 0.92842810217092297531 0.01487947841431977621 
0.06576923230990031066 0.90275376349076486004 0.03147700419933477378 
0.00993974418689865490 0.85441652889072283728 0.13564372692237855467 
0.01407728466315171477 0.73497248295428541098 0.25095023238256292109 
0.05072214611576842530 0.79436848408365601237 0.15490936980057556926 
0.01398761776631768199 0.86761952904294625810 0.11839285319073600267 
0.00000000100000000000 0.76981899721444091433 0.23018100178555903068 
0.00000000099999999999 0.66337357972075416956 0.33662641927924585872 
0.00000000099999999999 0.69214860453401816365 0.30785139446598203117 
0.01618885943338549752 0.77882080055618552183 0.20499034001042884534 
0.00000000100000000000 0.76638885497650000023 0.23361114402350008357 
0.00733308458569246775 0.70710752361588569137 0.28555939179842171338 
0.01448806569663376939 0.84365437716512847732 0.14185755713823761104 
0.00000000099999999999 0.64235065406777913655 0.35764934493222083622 
0.00000000099999999999 0.55951937512812455200 0.44048062387187558731 
0.00000000099999999999 0.51134023089537417039 0.48865976810462596891 
0.00000000099999999999 0.52854020994191341920 0.47145978905808655357 
0.00000000099999999999 0.59139328103173482987 0.40860671796826519842 
0.00000000099999999999 0.54487861783482893774 0.45512138116517103503 
0.00000000099999999999 0.68087109334152240425 0.31912890565847767954 
0.00000000099999999999 0.67939012447178526166 0.32060987452821476662 
0.02896760187991241978 0.78561143122611776235 0.18542096689396983522 
0.01523944820434168339 0.81911106214027429306 0.16564948965538398018 
0.04464244610452562656 0.88095679327296061434 0.07440076062251378686 
0.03537893774353129128 0.75368825345556644812 0.21093280880090223284 
0.04774083665580652197 0.84259684189779060492 0.10966232144640297719 
0.03606816722687725130 0.80169475453406868759 0.16223707823905406111 
0.02035549198781624533 0.82360053970526914124 0.15604396830691474873 
0.03628992138619037411 0.87782168001051008588 0.08588839860329952614 
0.00000000100000000000 0.74370981729263041515 0.25629018170736961313 
0.01273971135935960536 0.82212041597242901947 0.16513987266821136823 
0.06443780507069946095 0.90753828783793766277 0.02802390709136282770 
0.04313177657097118367 0.89409738167008834253 0.06277084175894051543 
0.00000000099999999999 0.71613361068295044998 0.28386638831704974484 
0.00000000099999999999 0.49847255648072391621 0.50152744251927616759 
0.02425076910497553362 0.74452111282241517642 0.23122811807260937322 
0.00000000100000000000 0.65151843942874099191 0.34848155957125903637 
0.00000000100000000000 0.77025240281457352243 0.22974759618542650585 
0.04817077433772692929 0.84664711356102684281 0.10518211210124622790 
0.02482048630017433949 0.78313703128865541636 0.19204248241117030660 
0.05522879394372826045 0.93090061226031339814 0.01387059379595840906 
0.04144152718366083538 0.93625563147252555130 0.02230284134381368619 
0.03293807296369911236 0.91387468679481242972 0.05318724024148845791 
0.05614751132151402785 0.92767505074384870589 0.01617743793463729401 
0.02771800424710435182 0.85948620656078034141 0.11279578919211545596 
0.00000000099999999999 0.65062116488821886140 0.34937883411178127790 
0.02974576118088093080 0.82858613363712807498 0.14166810518199091096 
0.00000000099999999999 0.66908019934231632853 0.33091979965768381078 
0.00000000099999999999 0.62155592440060969395 0.37844407459939033433 
0.01618791648492923924 0.86326676643777044973 0.12054531707730042900 
0.00000000099999999999 0.68645033046147219125 0.31354966853852794806 
0.00000000100000000000 0.74904892497590402911 0.25095107402409599917 
0.00000000099999999999 0.58892931807783766018 0.41107068092216231259 
0.01565815740746652127 0.76305682629407356465 0.22128501629845978571 
0.09576859959919789556 0.90423139940080221599 0.00000000100000000000 
0.07373081886690045772 0.92626917918373030680 0.00000000194936927728 
0.01362321702350849720 0.73790757819512187154 0.24846920478136955146 
0.00432992853807436743 0.80030351972002133909 0.19536655174190428741 
0.02493864908249863663 0.87936055888914965717 0.09570079202835163334 
0.06146053855220869055 0.90169325896573249146 0.03684620248205871390 
0.01894000544073833406 0.75024097213131835105 0.23081902242794316571 
0.09152922691409387523 0.90847077208590609754 0.00000000099999999999 
0.04124306469909042039 0.88650578102621280241 0.07225115427469676332 
0.03105499644843380883 0.78657185197441725766 0.18237315157714895086 
0.00000016775691398893 0.67378898530652175936 0.32621084693656421383 
0.00032272722980679011 0.77769186513989507770 0.22198540763029803169 
0.03179758345307338169 0.75728631695376080746 0.21091609959316592882 
0.00000000100000000000 0.71344184632759699571 0.28655815267240292155 
0.00000000099999999999 0.72006790392441188953 0.27993209507558819427 
0.06154219790831249454 0.79535700260275132845 0.14310079948893630886 
0.00000000100000000000 0.68276937964461359432 0.31723061935538637846 
0.02890573598834064034 0.87297267582073079240 0.09812158819092853257 
0.00000000099999999999 0.70676960820655154727 0.29323039079344842550 
0.06543570936257742110 0.86507939028149527516 0.06948490035592747027 
0.05661738215986410888 0.79053105780249410817 0.15285156003764174826 
0.05714003886300397794 0.87685206359634060291 0.06600789754065544690 
0.01456911722158120252 0.76653176124622413035 0.21889912153219462376 
0.00000000100000000000 0.72269423632573415173 0.27730576267426571002 
0.01899577086416878724 0.87417991771686420766 0.10682431141896704674 
0.00000000100000000000 0.75751383163982366487 0.24248616736017641893 
0.00000000099999999999 0.63837064060912163121 0.36162935839087845258 
0.00006440382177546532 0.75028653661190225499 0.24964905956632243988 
0.00000000099999999999 0.60672562806818608472 0.39327437093181405459 
0.00000000100000000000 0.70465223002648025297 0.29534776897351977532 
0.00000000099999999999 0.59226770001961226431 0.40773229898038787500 
0.01318709694620225775 0.76724195624160573814 0.21957094681219199717 
0.00555101628953565823 0.85015990009557895757 0.14428908361488543277 
0.02218000490961984789 0.75967606749892402362 0.21814392759145623257 
0.00860639225071250201 0.88189872792455781259 0.10949487982472985714 
0.01749671654090518766 0.83260835410359457232 0.14989492935550025043 
0.07131815944614104674 0.90154650943904612870 0.02713533111481286619 
0.00713513394130477034 0.77937918575862152881 0.21348568030007372687 
0.02886941518006968035 0.88204343307161092724 0.08908715174831953465 
0.00000000100000000000 0.79990851671174612036 0.20009148228825388016 
0.04731971099708840583 0.86994699491429927640 0.08273329408861228307 
0.00000000099999999999 0.79240162818718629101 0.20759837081281362625 
0.01966036050081694173 0.79062713913990179115 0.18971250035928141631 
0.04620048373252383378 0.94024270566111745051 0.01355681060635873479 
0.02338782082940882995 0.75719292671836602171 0.21941925245222512753 
0.00000000100000000000 0.70294053287499025373 0.29705946612500983006 
0.01802700941772739443 0.78323466572105049366 0.19873832486122197660 
0.00027959973182661830 0.75297364072448214056 0.24674675954369124087 
0.04110874744735106001 0.81692318193202317911 0.14196807062062585802 
0.02217420837629223429 0.87069566145891275077 0.10713013016479511208 
0.00005418119516762842 0.69897885171737239585 0.30096696708745995785 
0.08294765469425277593 0.90939805014863905885 0.00765429515710810016 
0.04410014878041453035 0.87983131108799761400 0.07606854013158782790 
0.05764905883806516196 0.88130550534771245896 0.06104543581422231663 
0.06089836991739912275 0.88200224995103626568 0.05709938013156472258 
0.01632789279905384056 0.77612475372550615571 0.20754735347544012170 
0.00000000099999999999 0.67515514922978003831 0.32484484977021998997 
0.04265284405749151381 0.85516463945624476839 0.10218251648626378025 
0.00000000099999999999 0.61026543350349615746 0.38973456549650387082 
0.00000000100000000000 0.76406878873033701183 0.23593121026966304421 
0.03621896826517193718 0.80466253332097126272 0.15911849841385683479 
0.01859043381055057453 0.73723620312847060188 0.24417336306097889298 
0.00652199182558366262 0.82196791641522393146 0.17151009175919240679 
0.00000000099999999999 0.56652643012874670525 0.43347356887125326752 
0.00000000100000000000 0.57662930040931903442 0.42337069859068099387 
0.00000000099999999999 0.46149597133932307447 0.53850402766067695381 
0.00000000099999999999 0.63348998380404863973 0.36651001519595133304 
0.00000000099999999999 0.46174741176062611414 0.53825258723937396965 
0.00000000099999999999 0.47034208270152960685 0.52965791629847047695 
0.00000000099999999999 0.56633017006842278906 0.43366982893157718371 
0.03302296145351216877 0.82725977778872961110 0.13971726075775817155 
0.00907252519966245292 0.79242647307763325326 0.19850100172270432330 
0.05220729206011497092 0.93303058792799076215 0.01476212001189421835 
0.03220483196739883092 0.89464260126414529850 0.07315256676845595385 
0.00000000100000000000 0.77059543123585216851 0.22940456776414783202 
0.00647478972096797445 0.74034304698709574311 0.25318216329193632408 
0.06755155042137103716 0.89955673764144572502 0.03289171193718315456 
0.01639945516809982254 0.83254163976517092660 0.15105890506672928209 
0.03479978225607761877 0.91167610579072222432 0.05352411195320014997 
0.02754676155357053957 0.70093765833834775769 0.27151558010808168886 
0.08920965876384000237 0.91079034023615990101 0.00000000099999999998 
0.06571911703660998638 0.93428088196338998639 0.00000000100000000000 
0.05467182414859918238 0.94532817485140085978 0.00000000099999999999 
0.06884198231585494931 0.90950156213099875302 0.02165645555314636359 
0.06798139240527595328 0.86598237387750331973 0.06603623371722087965 
0.00827636121059175528 0.78457828476886559699 0.20714535402054254365 
0.05340420155520210488 0.84256180310495432106 0.10403399533984350467 
0.05276112239116444863 0.90908844492953477801 0.03815043267930096765 
0.05434462759709195873 0.92641294846694155485 0.01924242393596639969 
0.00000000161136843721 0.82685540117999822840 0.17314459720863317749 
0.05336019053293687697 0.85392531311347308343 0.09271449635359006736 
0.00444124184205631645 0.73138271954485323256 0.26417603861309052471 
0.00000000100000000000 0.64842433758695761092 0.35157566141304247287 
0.00333461879658165884 0.81601531004875016428 0.18065007115466813481 
0.01484772022011959618 0.73665647656624566597 0.24849580321363468061 
0.00543658120992267929 0.82436893318235193728 0.17019448560772529322 
0.02752494628256964282 0.89516097785342119142 0.07731407586400911025 
0.00000000099999999999 0.59918120932165874759 0.40081878967834122518 
0.00000000099999999999 0.71873620311909691694 0.28126379588090294481 
0.00000000099999999999 0.63469938962881755629 0.36530060937118247200 
0.00000000100000000000 0.65728772127386470014 0.34271227772613532814 
0.73882878394246598308 0.00000000099999999998 0.26117121505753410071 
0.70040273882396331118 0.00000000099999999997 0.29959726017603671711 
0.63636113029853080825 0.00000000099999999997 0.36363886870146927555 
0.59467593112866068417 0.00000000099999999997 0.40532406787133928860 
0.66166341610833334652 0.00000000099999999997 0.33833658289166668176 
0.66228911252797495468 0.00000000099999999997 0.33771088647202501809 
0.58192063922272396770 0.00000000099999999997 0.41807935977727594956 
0.69077851931353961845 0.00000000099999999997 0.30922147968646035432 
0.75095951475399391750 0.00000000099999999997 0.24904048424600613854 
0.83036256344896774984 0.00000000099999999998 0.16963743555103222294 
0.74450843881984973827 0.00000000099999999998 0.25549156018015023450 
0.67226925105115709069 0.00000000099999999998 0.32773074794884299310 
0.73994376295170971591 0.00000000099999999997 0.26005623604829031237 
0.76410851738761487173 0.00000000099999999997 0.23589148161238518431 
0.80032372886852731764 0.00000000099999999998 0.19967627013147282167 
0.65703163196938785262 0.00000000099999999997 0.34296836703061212015 
0.80604793668986829402 0.00000000099999999998 0.19395206231013165099 
0.99990653681191477009 0.00000000099999999999 0.00009346218808535509 
0.99609908769977628662 0.00390076987036849787 0.00000014242985505289 
0.94751173583010361856 0.00000000099999999998 0.05248826316989640972 
0.75831615374173622079 0.00000000099999999998 0.24168384525826380749 
0.71885797970954756764 0.00000000099999999997 0.28114201929045240513 
0.59147918379221664509 0.00000000099999999997 0.40852081520778343871 
0.51754783005295956766 0.00000000099999999997 0.48245216894704046062 
0.56495478574716706532 0.00000000099999999997 0.43504521325283301847 
0.78174035317922974109 0.00000000099999999998 0.21825964582077031495 
0.59629441000488148106 0.00000000099999999997 0.40370558899511843620 
0.59593715964632731907 0.00000000099999999998 0.40406283935367276472 
0.94990997148884992463 0.00000000099999999999 0.05009002751115008978 
0.90350977880482197246 0.00000000099999999998 0.09649022019517815296 
0.99992748055727420642 0.00000000099999999999 0.00007251844272587590 
0.95165657542276438363 0.00000000099999999999 0.04834342357723569322 
0.65071628995988906041 0.00000000099999999998 0.34928370904011085685 
0.81945235986156961250 0.00000000099999999997 0.18054763913843036027 
0.81319947750643040152 0.00000000099999999997 0.18680052149356951574 
0.92667592118619646069 0.00000000099999999997 0.07332407781380363698 
0.76255013398637638833 0.00000000099999999998 0.23744986501362352893 
0.70638460248008094755 0.00000000099999999998 0.29361539651991908073 
0.78644065991351352896 0.00000000099999999998 0.21355933908648649933 
0.62800486916271336391 0.00000000099999999997 0.37199512983728660886 
0.72562595862410328440 0.00000000099999999997 0.27437404037589691042 
0.58515364513361234344 0.00000000099999999997 0.41484635386638768484 
0.77344857004264488953 0.00000000099999999997 0.22655142895735505548 
0.64709110911619238671 0.00000000099999999997 0.35290888988380758606 
0.85236671460285529101 0.00000000099999999998 0.14763328439714484830 
0.85237582681141355057 0.00000000099999999998 0.14762417218858639445 
0.88174997158462109503 0.00000000099999999998 0.11825002741537908590 
0.79526906769554916998 0.00000000099999999998 0.20473093130445083054 
0.89142427493160192320 0.00000000099999999998 0.10857572406839807733 
0.82551081564016581815 0.00000000099999999998 0.17448918335983426564 
0.73009297710723053410 0.00000000099999999998 0.26990702189276943868 
0.78383919603923879471 0.00000000099999999998 0.21616080296076123357 
0.80746117098450498339 0.00000000099999999998 0.19253882801549501713 
0.73196906958986429625 0.00000000099999999998 0.26803092941013567652 
0.72019978347000368490 0.00000000099999999997 0.27980021552999634338 
0.81266666140158205778 0.00000000099999999999 0.18733333759841788724 
0.91602292798784079597 0.00000000099999999998 0.08397707101215928782 
0.88958474071674442651 0.00000000099999999998 0.11041525828325574055 
0.84125320332341169127 0.00000000099999999998 0.15874679567658833701 
0.78080704875939999088 0.00000000099999999998 0.21919295024060003740 
0.64918263319819335955 0.00000000099999999998 0.35081736580180683527 
0.64376668279550541829 0.00000000099999999998 0.35623331620449460999 
0.71560077592833382099 0.00000000099999999998 0.28439922307166626281 
0.70477581994306026658 0.00000000099999999998 0.29522417905693970619 
0.61897331448053760639 0.00000000099999999998 0.38102668451946247741 
0.59299200986282019077 0.00000000099999999997 0.40700798913717989302 
0.58723783045385435919 0.00000000099999999998 0.41276216854614566909 
0.55676630581635089268 0.00000000099999999997 0.44323369318364919112 
0.71741762246685281124 0.00000000099999999998 0.28258237653314716153 
0.72394354600962274038 0.00000000099999999998 0.27605645299037739893 
0.84933981096295851909 0.00000000099999999998 0.15066018803704150919 
0.61901844106240477839 0.00000000099999999998 0.38098155793759524990 
0.63390286685028607305 0.00000000099999999998 0.36609713214971401074 
0.63871988633991350071 0.00000000099999999998 0.36128011266008658309 
0.65796178915795000552 0.00000000099999999998 0.34203820984204991174 
0.67110264972710753639 0.00000000099999999997 0.32889734927289260291 
0.73823421082307327801 0.00000000099999999998 0.26176578817692680579 
0.99999999799999994554 0.00000000099999999999 0.00000000099999999999 
0.90475198161816616782 0.00000000099999999999 0.09524801738183386046 
0.75638679651851525865 0.00000000099999999998 0.24361320248148476963 
0.99999999800000005656 0.00000000099999999998 0.00000000099999999998 
0.76862313323118280906 0.00000000099999999998 0.23137686576881708045 
0.69878485608786966576 0.00000000099999999998 0.30121514291213047354 
0.57140684223789628415 0.00000000099999999998 0.42859315676210363311 
0.90498686281660967179 0.00000000099999999998 0.09501313618339024547 
0.78504967364105382455 0.00000000099999999998 0.21495032535894609271 
0.71952406521933454098 0.00000000099999999998 0.28047593378066559833 
0.66553359126497646514 0.00000000099999999998 0.33446640773502350763 
0.64147955252312827135 0.00000000099999999998 0.35852044647687181245 
0.61544607624243918842 0.00000000099999999998 0.38455392275756083986 
0.61256468978640732370 0.00000000099999999997 0.38743530921359264907 
0.77558170806847248624 0.00000000099999999998 0.22441829093152756980 
0.64229468242687703938 0.00000000099999999997 0.35770531657312282237 
0.69307312888747030222 0.00000000099999999998 0.30692687011252972606 
0.76764760794078346073 0.00000000099999999998 0.23235239105921651204 
0.68185707267866657588 0.00000000099999999997 0.31814292632133345240 
0.74379503920932310557 0.00000000099999999998 0.25620495979067681169 
0.74948326521999120153 0.00000000099999999998 0.25051673378000882675 
0.71555002792439748038 0.00000000099999999998 0.28444997107560254790 
0.69278378846659649515 0.00000000099999999997 0.30721621053340358865 
0.66333757376124002914 0.00000000099999999997 0.33666242523876005466 
0.69285426756136581083 0.00000000099999999997 0.30714573143863421745 
0.75215291694364527775 0.00000000099999999997 0.24784708205635486156 
0.60758952232322482878 0.00000000099999999997 0.39241047667677514399 
0.63941763995162370637 0.00000000099999999998 0.36058235904837643293 
0.80421742712241695017 0.00000000100000000000 0.19578257187758299485 
0.70663269904937675570 0.00000000099999999998 0.29336729995062332810 
0.93472049762028042164 0.00000000099999999998 0.06527950137971967604 
0.61571300003624052088 0.00000000099999999997 0.38428699896375945189 
0.68217090870190777441 0.00000000099999999997 0.31782909029809225387 
0.69667697004411544004 0.00000000099999999997 0.30332302895588469926 
0.50901505828399773446 0.00000000099999999997 0.49098494071600240485 
0.61817964208822850924 0.00000000099999999998 0.38182035691177151904 
0.56562942072539956762 0.00000000099999999997 0.43437057827460057169 
0.64927479384656616723 0.00000000099999999998 0.35072520515343380554 
0.68591446566839120447 0.00000000099999999997 0.31408553333160882381 
0.69445531135386340260 0.00000000099999999998 0.30554468764613645915 
0.80114333006181615016 0.00000000099999999998 0.19885666893818390588 
0.82863974795597117318 0.00000000099999999998 0.17136025104402882735 
0.70226873828395430799 0.00000000099999999998 0.29773126071604566478 
0.78786981352150731173 0.00000000099999999998 0.21213018547849271656 
0.67401492858988665269 0.00000000099999999998 0.32598507041011332008 
0.46775658209596482351 0.00000000099999999998 0.53224341690403509375 
0.81764072479765426138 0.00000000099999999998 0.18235927420234576690 
0.99085987371092176801 0.00000000099999999999 0.00914012528907830017 
0.99999999800000005656 0.00000000099999999999 0.00000000099999999999 
0.99828665953642270470 0.00171333946357725745 0.00000000100000000000 
0.98926853468283049153 0.00000000099999999998 0.01073146431716959746 
0.98773971854776132506 0.00000000099999999999 0.01226028045223872230 
0.99999999800000005656 0.00000000099999999999 0.00000000099999999999 
0.95928124926825242280 0.00000000099999999998 0.04071874973174769569 
0.92823215881331655464 0.00000000099999999999 0.07176784018668339038 
0.93819530210349821875 0.00000000099999999999 0.06180469689650179566 
0.92829141053779840043 0.00000000099999999998 0.07170858846220155847 
0.95041177330570270065 0.00000000099999999999 0.04958822569429741089 
0.70634060450391422670 0.00000000099999999998 0.29365939449608580158 
0.73375867822248541650 0.00000000099999999997 0.26624132077751461178 
0.72980007277465885895 0.00000000099999999998 0.27019992622534111382 
0.63777909842295843479 0.00000000099999999997 0.36222090057704153798 
0.72873282392130966922 0.00000000099999999998 0.27126717507869019252 
0.80484381949811756307 0.00000000099999999998 0.19515617950188260399 
0.79136632123831174290 0.00000000099999999998 0.20863367776168839640 
0.72151774776281296653 0.00000000099999999997 0.27848225123718700624 
0.84475117599877969088 0.00000000099999999998 0.15524882300122042067 
0.96150211407097918581 0.00000000099999999999 0.03849788492902084941 
0.95166922865597591841 0.00000000099999999998 0.04833077034402410294 
0.97724042908504726856 0.00000000099999999998 0.02275956991495281523 
0.79811276304977196716 0.00000000099999999998 0.20188723595022814439 
0.89293552417290555923 0.00000000099999999998 0.10706447482709449681 
0.80506505266405703480 0.00000000099999999998 0.19493494633594293797 
0.83265158989169540948 0.00000000099999999998 0.16734840910830456329 
0.79224925428537429362 0.00000000099999999998 0.20775074471462565140 
0.79418858540828596304 0.00000000099999999998 0.20581141359171400973 
0.97918492781834964855 0.00000000099999999999 0.02081507118165031034 
0.99999999799999994554 0.00000000099999999998 0.00000000099999999998 
0.96697185218014314323 0.00000000100000000000 0.03302814681985680872 
